##RenderMan RIB
version 3.04
Option "rerender" "int[2] lodrange" [0 3]
##streammarker1736
EditBegin "option" 
Identity 
#Camera perspShape
Clipping 0.1 10000
Projection "perspective" "fov" [54.4322]
ScreenWindow -1 1 -0.5625 0.5625
Shutter 0 0
ConcatTransform [ -0.834848 0.128865 0.535185 -9.10173e-009  -3.17745e-009 -0.972213 0.234096 -5.90667e-011  -0.550481 -0.195435 -0.81165 -5.70765e-009  0.133116 0.107448 5.66639 1 ]
Camera "world" "float[2] shutteropening" [0 1]
EditEnd 
##streammarker1737
EditBegin "option" 
Identity 
#Camera perspShape
Clipping 0.1 10000
Projection "perspective" "fov" [54.4322]
ScreenWindow -1 1 -0.5625 0.5625
Shutter 0 0
ConcatTransform [ -0.815128 0.135607 0.563185 -5.88963e-009  -6.35492e-009 -0.972213 0.234096 -4.1079e-011  -0.579281 -0.190818 -0.792478 -3.97625e-009  0.13985 0.106333 5.66176 1 ]
Camera "world" "float[2] shutteropening" [0 1]
EditEnd 
##streammarker1738
EditBegin "option" 
Identity 
#Camera perspShape
Clipping 0.1 10000
Projection "perspective" "fov" [54.4322]
ScreenWindow -1 1 -0.5625 0.5625
Shutter 0 0
ConcatTransform [ -0.790155 0.143479 0.595876 -5.81249e-009  -7.26279e-009 -0.972213 0.234096 -3.54743e-009  -0.612907 -0.184972 -0.768199 8.14204e-009  0.147706 0.104923 5.6559 1 ]
Camera "world" "float[2] shutteropening" [0 1]
EditEnd 
##streammarker1739
EditBegin "option" 
Identity 
#Camera perspShape
Clipping 0.1 10000
Projection "perspective" "fov" [54.4322]
ScreenWindow -1 1 -0.5625 0.5625
Shutter 0 0
ConcatTransform [ -0.763796 0.151099 0.627523 -6.3252e-010  8.62459e-009 -0.972213 0.234096 -5.21126e-012  -0.645458 -0.178802 -0.742573 -5.06185e-010  0.155303 0.103437 5.64973 1 ]
Camera "world" "float[2] shutteropening" [0 1]
EditEnd 
##streammarker1740
EditBegin "option" 
Identity 
#Camera perspShape
Clipping 0.1 10000
Projection "perspective" "fov" [54.4322]
ScreenWindow -1 1 -0.5625 0.5625
Shutter 0 0
ConcatTransform [ -0.736097 0.158454 0.658068 -3.14953e-009  3.63142e-009 -0.972213 0.234096 -2.81397e-011  -0.676876 -0.172318 -0.715643 -2.73738e-009  0.162627 0.101878 5.64326 1 ]
Camera "world" "float[2] shutteropening" [0 1]
EditEnd 
##streammarker1741
EditBegin "option" 
Identity 
#Camera perspShape
Clipping 0.1 10000
Projection "perspective" "fov" [54.4322]
ScreenWindow -1 1 -0.5625 0.5625
Shutter 0 0
ConcatTransform [ -0.712026 0.164371 0.682643 -3.51465e-009  -4.53928e-009 -0.972213 0.234096 -3.52427e-009  -0.702153 -0.166683 -0.692241 1.04356e-008  0.168512 0.100525 5.63764 1 ]
Camera "world" "float[2] shutteropening" [0 1]
EditEnd 
##streammarker1742
EditBegin "option" 
Identity 
#Camera perspShape
Clipping 0.1 10000
Projection "perspective" "fov" [54.4322]
ScreenWindow -1 1 -0.5625 0.5625
Shutter 0 0
ConcatTransform [ -0.681998 0.171207 0.711032 -4.40418e-009  -1.36179e-009 -0.972213 0.234096 -4.55867e-011  -0.731354 -0.159653 -0.663048 -4.44531e-009  0.175304 0.0988391 5.63063 1 ]
Camera "world" "float[2] shutteropening" [0 1]
EditEnd 
##streammarker1743
EditBegin "option" 
Identity 
#Camera perspShape
Clipping 0.1 10000
Projection "perspective" "fov" [54.4322]
ScreenWindow -1 1 -0.5625 0.5625
Shutter 0 0
ConcatTransform [ -0.661312 0.175598 0.729268 2.11261e-008  -6.35501e-009 -0.972213 0.234096 3.54889e-009  -0.750111 -0.154811 -0.642936 -8.05574e-009  0.179662 0.0976788 5.62582 1 ]
Camera "world" "float[2] shutteropening" [0 1]
EditEnd 
##streammarker1744
EditBegin "option" 
Identity 
#Camera perspShape
Clipping 0.1 10000
Projection "perspective" "fov" [54.4322]
ScreenWindow -1 1 -0.5625 0.5625
Shutter 0 0
ConcatTransform [ -0.645458 0.178802 0.742573 -1.69193e-010  7.26288e-009 -0.972213 0.234096 -1.92364e-012  -0.763796 -0.151099 -0.627523 -1.87836e-010  0.182838 0.09679 5.62212 1 ]
Camera "world" "float[2] shutteropening" [0 1]
EditEnd 
##streammarker1745
EditBegin "option" 
Identity 
#Camera perspShape
Clipping 0.1 10000
Projection "perspective" "fov" [54.4322]
ScreenWindow -1 1 -0.5625 0.5625
Shutter 0 0
ConcatTransform [ -0.62388 0.182951 0.759805 1.68304e-009  5.44716e-009 -0.972214 0.234096 2.01995e-011  -0.78152 -0.146048 -0.606544 1.97384e-009  0.186948 0.0955813 5.6171 1 ]
Camera "world" "float[2] shutteropening" [0 1]
EditEnd 
##streammarker1746
EditBegin "option" 
Identity 
#Camera perspShape
Clipping 0.1 10000
Projection "perspective" "fov" [54.4322]
ScreenWindow -1 1 -0.5625 0.5625
Shutter 0 0
ConcatTransform [ -0.607376 0.185969 0.772341 3.78168e-010  6.35503e-009 -0.972213 0.234096 4.72842e-012  -0.794415 -0.142184 -0.590499 4.62291e-010  0.189936 0.0946575 5.61327 1 ]
Camera "world" "float[2] shutteropening" [0 1]
EditEnd 
##streammarker1747
EditBegin "option" 
Identity 
#Camera perspShape
Clipping 0.1 10000
Projection "perspective" "fov" [54.4322]
ScreenWindow -1 1 -0.5625 0.5625
Shutter 0 0
ConcatTransform [ -0.584958 0.189867 0.788527 -4.38034e-009  -2.72359e-009 -0.972213 0.234096 -5.7879e-011  -0.811064 -0.136936 -0.568704 -5.66257e-009  0.193789 0.0934031 5.60806 1 ]
Camera "world" "float[2] shutteropening" [0 1]
EditEnd 
##streammarker1748
EditBegin "option" 
Identity 
#Camera perspShape
Clipping 0.1 10000
Projection "perspective" "fov" [54.4322]
ScreenWindow -1 1 -0.5625 0.5625
Shutter 0 0
ConcatTransform [ -0.567844 0.192693 0.800264 5.80463e-010  0 -0.972213 0.234096 7.99866e-012  -0.823136 -0.13293 -0.552065 7.82929e-010  0.196579 0.0924461 5.60408 1 ]
Camera "world" "float[2] shutteropening" [0 1]
EditEnd 
##streammarker1749
EditBegin "option" 
Identity 
#Camera perspShape
Clipping 0.1 10000
Projection "perspective" "fov" [54.4322]
ScreenWindow -1 1 -0.5625 0.5625
Shutter 0 0
ConcatTransform [ -0.532876 0.198091 0.82268 -9.63279e-009  1.81573e-009 -0.972213 0.234096 -3.59259e-009  -0.846193 -0.124744 -0.518069 3.80748e-009  0.201901 0.0904921 5.59597 1 ]
Camera "world" "float[2] shutteropening" [0 1]
EditEnd 
##streammarker1750
EditBegin "option" 
Identity 
#Camera perspShape
Clipping 0.1 10000
Projection "perspective" "fov" [54.4322]
ScreenWindow -1 1 -0.5625 0.5625
Shutter 0 0
ConcatTransform [ -0.496974 0.203141 0.843653 -8.37315e-010  5.44719e-009 -0.972213 0.234096 -1.37387e-011  -0.867765 -0.11634 -0.483165 -1.34723e-009  0.206869 0.0884875 5.58764 1 ]
Camera "world" "float[2] shutteropening" [0 1]
EditEnd 
##streammarker1751
EditBegin "option" 
Identity 
#Camera perspShape
Clipping 0.1 10000
Projection "perspective" "fov" [54.4322]
ScreenWindow -1 1 -0.5625 0.5625
Shutter 0 0
ConcatTransform [ -0.466387 0.207077 0.860002 1.70169e-009  5.44719e-009 -0.972213 0.234096 3.01541e-011  -0.884581 -0.109179 -0.453427 2.95903e-009  0.210731 0.0867812 5.58056 1 ]
Camera "world" "float[2] shutteropening" [0 1]
EditEnd 
##streammarker1752
EditBegin "option" 
Identity 
#Camera perspShape
Clipping 0.1 10000
Projection "perspective" "fov" [54.4322]
ScreenWindow -1 1 -0.5625 0.5625
Shutter 0 0
ConcatTransform [ -0.45399 0.226677 0.86169 -6.98981e-010  2.70988e-009 -0.967098 0.254405 -1.39027e-011  -0.891007 -0.115498 -0.439053 -1.25542e-009  0.212205 0.0878784 5.57586 1 ]
Camera "world" "float[2] shutteropening" [0 1]
EditEnd 
##streammarker1753
EditBegin "option" 
Identity 
#Camera perspShape
Clipping 0.1 10000
Projection "perspective" "fov" [54.4322]
ScreenWindow -1 1 -0.5625 0.5625
Shutter 0 0
ConcatTransform [ -0.447759 0.227478 0.864734 -8.99634e-009  1.26461e-008 -0.967098 0.254405 -3.56164e-009  -0.894154 -0.113912 -0.433027 4.65441e-009  0.212926 0.0875008 5.57443 1 ]
Camera "world" "float[2] shutteropening" [0 1]
EditEnd 
##streammarker1754
EditBegin "option" 
Identity 
#Camera perspShape
Clipping 0.1 10000
Projection "perspective" "fov" [54.4322]
ScreenWindow -1 1 -0.5625 0.5625
Shutter 0 0
ConcatTransform [ -0.435231 0.229046 0.870696 1.87036e-008  9.03295e-009 -0.967098 0.254405 7.13802e-009  -0.900319 -0.110725 -0.420911 -7.97978e-009  0.214337 0.0867419 5.57155 1 ]
Camera "world" "float[2] shutteropening" [0 1]
EditEnd 
##streammarker1755
EditBegin "option" 
Identity 
#Camera perspShape
Clipping 0.1 10000
Projection "perspective" "fov" [54.4322]
ScreenWindow -1 1 -0.5625 0.5625
Shutter 0 0
ConcatTransform [ -0.403545 0.232771 0.884855 -3.5423e-010  -3.61318e-009 -0.967098 0.254405 -8.04625e-012  -0.91496 -0.102664 -0.390268 -7.27352e-010  0.217682 0.0848235 5.56425 1 ]
Camera "world" "float[2] shutteropening" [0 1]
EditEnd 
##streammarker1756
EditBegin "option" 
Identity 
#Camera perspShape
Clipping 0.1 10000
Projection "perspective" "fov" [54.4322]
ScreenWindow -1 1 -0.5625 0.5625
Shutter 0 0
ConcatTransform [ -0.364877 0.236866 0.900422 -1.08737e-009  2.70989e-009 -0.967098 0.254405 -2.75033e-011  -0.931056 -0.0928266 -0.352871 -2.48809e-009  0.221346 0.0824839 5.55536 1 ]
Camera "world" "float[2] shutteropening" [0 1]
EditEnd 
##streammarker1757
EditBegin "option" 
Identity 
#Camera perspShape
Clipping 0.1 10000
Projection "perspective" "fov" [54.4322]
ScreenWindow -1 1 -0.5625 0.5625
Shutter 0 0
ConcatTransform [ -0.325568 0.240545 0.914409 -3.98958e-010  1.80659e-009 -0.967098 0.254405 -1.13362e-011  -0.945518 -0.0828263 -0.314856 -1.02629e-009  0.224621 0.0801075 5.54632 1 ]
Camera "world" "float[2] shutteropening" [0 1]
EditEnd 
##streammarker1758
EditBegin "option" 
Identity 
#Camera perspShape
Clipping 0.1 10000
Projection "perspective" "fov" [54.4322]
ScreenWindow -1 1 -0.5625 0.5625
Shutter 0 0
ConcatTransform [ -0.292372 0.243289 0.92484 -5.60713e-010  -6.32308e-009 -0.967098 0.254405 -1.77049e-011  -0.956305 -0.0743809 -0.282752 -1.60381e-009  0.227049 0.0781016 5.5387 1 ]
Camera "world" "float[2] shutteropening" [0 1]
EditEnd 
##streammarker1759
EditBegin "option" 
Identity 
#Camera perspShape
Clipping 0.1 10000
Projection "perspective" "fov" [54.4322]
ScreenWindow -1 1 -0.5625 0.5625
Shutter 0 0
ConcatTransform [ -0.252069 0.24619 0.935869 -3.36719e-010  -3.61319e-009 -0.967098 0.254405 -1.22262e-011  -0.967709 -0.0641278 -0.243776 -1.1083e-009  0.229598 0.0756683 5.52945 1 ]
Camera "world" "float[2] shutteropening" [0 1]
EditEnd 
##streammarker1760
EditBegin "option" 
Identity 
#Camera perspShape
Clipping 0.1 10000
Projection "perspective" "fov" [54.4322]
ScreenWindow -1 1 -0.5625 0.5625
Shutter 0 0
ConcatTransform [ -0.238533 0.247062 0.939182 -1.00803e-008  -1.8066e-009 -0.967098 0.254405 -3.59219e-009  -0.971134 -0.0606842 -0.230685 1.90446e-009  0.230358 0.0748511 5.52634 1 ]
Camera "world" "float[2] shutteropening" [0 1]
EditEnd 
##streammarker1761
EditBegin "option" 
Identity 
#Camera perspShape
Clipping 0.1 10000
Projection "perspective" "fov" [54.4322]
ScreenWindow -1 1 -0.5625 0.5625
Shutter 0 0
ConcatTransform [ -0.231748 0.247479 0.940769 2.01227e-008  9.93628e-009 -0.967098 0.254405 7.18319e-009  -0.972776 -0.0589579 -0.224123 -3.917e-009  0.230722 0.0744416 5.52479 1 ]
Camera "world" "float[2] shutteropening" [0 1]
EditEnd 
##streammarker1762
EditBegin "option" 
Identity 
#Camera perspShape
Clipping 0.1 10000
Projection "perspective" "fov" [54.4322]
ScreenWindow -1 1 -0.5625 0.5625
Shutter 0 0
ConcatTransform [ -0.218143 0.248278 0.943807 -9.55056e-009  -3.61319e-009 -0.967098 0.254405 -3.57067e-009  -0.975917 -0.0554968 -0.210966 3.85635e-009  0.231415 0.0736208 5.52167 1 ]
Camera "world" "float[2] shutteropening" [0 1]
EditEnd 
##streammarker1763
EditBegin "option" 
Identity 
#Camera perspShape
Clipping 0.1 10000
Projection "perspective" "fov" [54.4322]
ScreenWindow -1 1 -0.5625 0.5625
Shutter 0 0
ConcatTransform [ -0.183951 0.250064 0.950594 -9.24966e-009  -9.03298e-010 -0.967098 0.254405 -3.5531e-009  -0.982935 -0.0467982 -0.177899 5.45321e-009  0.232949 0.0715589 5.51383 1 ]
Camera "world" "float[2] shutteropening" [0 1]
EditEnd 
##streammarker1764
EditBegin "option" 
Identity 
#Camera perspShape
Clipping 0.1 10000
Projection "perspective" "fov" [54.4322]
ScreenWindow -1 1 -0.5625 0.5625
Shutter 0 0
ConcatTransform [ -0.142629 0.251804 0.95721 -5.78512e-011  -4.51649e-009 -0.967098 0.254405 -3.4177e-012  -0.989776 -0.0362856 -0.137936 -3.10369e-010  0.234416 0.0690683 5.50436 1 ]
Camera "world" "float[2] shutteropening" [0 1]
EditEnd 
##streammarker1765
EditBegin "option" 
Identity 
#Camera perspShape
Clipping 0.1 10000
Projection "perspective" "fov" [54.4322]
ScreenWindow -1 1 -0.5625 0.5625
Shutter 0 0
ConcatTransform [ -0.107999 0.252917 0.961441 9.34218e-011  9.03299e-010 -0.967098 0.254405 6.82182e-012  -0.994151 -0.0274756 -0.104446 6.19845e-010  0.235324 0.0669823 5.49643 1 ]
Camera "world" "float[2] shutteropening" [0 1]
EditEnd 
##streammarker1766
EditBegin "option" 
Identity 
#Camera perspShape
Clipping 0.1 10000
Projection "perspective" "fov" [54.4322]
ScreenWindow -1 1 -0.5625 0.5625
Shutter 0 0
ConcatTransform [ -0.0662739 0.253846 0.964971 -1.14991e-012  -2.7099e-009 -0.967098 0.254405 -1.16761e-013  -0.997802 -0.0168604 -0.0640933 -1.06157e-011  0.236035 0.0644704 5.48688 1 ]
Camera "world" "float[2] shutteropening" [0 1]
EditEnd 
##streammarker1767
EditBegin "option" 
Identity 
#Camera perspShape
Clipping 0.1 10000
Projection "perspective" "fov" [54.4322]
ScreenWindow -1 1 -0.5625 0.5625
Shutter 0 0
ConcatTransform [ -0.0244322 0.254329 0.966809 -1.02751e-011  0 -0.967098 0.254405 -1.70511e-012  -0.999701 -0.00621568 -0.0236283 -1.55131e-010  0.236332 0.0619532 5.47731 1 ]
Camera "world" "float[2] shutteropening" [0 1]
EditEnd 
##streammarker1768
EditBegin "option" 
Identity 
#Camera perspShape
Clipping 0.1 10000
Projection "perspective" "fov" [54.4322]
ScreenWindow -1 1 -0.5625 0.5625
Shutter 0 0
ConcatTransform [ 0.0174524 0.254367 0.96695 8.33942e-013  0 -0.967098 0.254405 3.76852e-013  -0.999848 0.00443999 0.0168782 3.43082e-011  0.236215 0.059435 5.46774 1 ]
Camera "world" "float[2] shutteropening" [0 1]
EditEnd 
##streammarker1769
EditBegin "option" 
Identity 
#Camera perspShape
Clipping 0.1 10000
Projection "perspective" "fov" [54.4322]
ScreenWindow -1 1 -0.5625 0.5625
Shutter 0 0
ConcatTransform [ 0.0593064 0.253958 0.965395 -1.03296e-008  -9.03299e-010 -0.967098 0.254405 -3.62058e-009  -0.99824 0.0150879 0.057355 -6.72511e-010  0.235683 0.0569203 5.45818 1 ]
Camera "world" "float[2] shutteropening" [0 1]
EditEnd 
##streammarker1770
EditBegin "option" 
Identity 
#Camera perspShape
Clipping 0.1 10000
Projection "perspective" "fov" [54.4322]
ScreenWindow -1 1 -0.5625 0.5625
Shutter 0 0
ConcatTransform [ 0.0662739 0.253846 0.964971 -2.62638e-013  1.8066e-009 -0.967098 0.254405 1.17164e-013  -0.997801 0.0168604 0.0640933 1.06746e-011  0.235554 0.0565017 5.45659 1 ]
Camera "world" "float[2] shutteropening" [0 1]
EditEnd 
##streammarker1771
EditBegin "option" 
Identity 
#Camera perspShape
Clipping 0.1 10000
Projection "perspective" "fov" [54.4322]
ScreenWindow -1 1 -0.5625 0.5625
Shutter 0 0
ConcatTransform [ 0.0801989 0.263667 0.961274 2.06241e-008  1.80173e-009 -0.964381 0.264519 7.22949e-009  -0.996779 0.0212141 0.0773423 1.97862e-009  0.235262 0.0552646 5.45283 1 ]
Camera "world" "float[2] shutteropening" [0 1]
EditEnd 
##streammarker1772
EditBegin "option" 
Identity 
#Camera perspShape
Clipping 0.1 10000
Projection "perspective" "fov" [54.4322]
ScreenWindow -1 1 -0.5625 0.5625
Shutter 0 0
ConcatTransform [ 0.0732382 0.283893 0.956055 2.43153e-012  0 -0.958629 0.284657 -9.34741e-013  -0.997314 0.0208478 0.0702083 -7.60926e-011  0.235414 0.0549128 5.45326 1 ]
Camera "world" "float[2] shutteropening" [0 1]
EditEnd 
##streammarker1773
EditBegin "option" 
Identity 
#Camera perspShape
Clipping 0.1 10000
Projection "perspective" "fov" [54.4322]
ScreenWindow -1 1 -0.5625 0.5625
Shutter 0 0
ConcatTransform [ 0.0662739 0.294032 0.953495 2.06468e-008  8.92959e-010 -0.955596 0.29468 7.15056e-009  -0.997801 0.0195296 0.0633311 5.41084e-010  0.235554 0.0549949 5.45425 1 ]
Camera "world" "float[2] shutteropening" [0 1]
EditEnd 
##streammarker1774
EditBegin "option" 
Identity 
#Camera perspShape
Clipping 0.1 10000
Projection "perspective" "fov" [54.4322]
ScreenWindow -1 1 -0.5625 0.5625
Shutter 0 0
ConcatTransform [ 0.0244322 0.314534 0.948932 4.00593e-012  8.87194e-010 -0.949215 0.314628 3.284e-012  -0.999701 0.00768704 0.0231914 2.41604e-010  0.236155 0.0573138 5.46249 1 ]
Camera "world" "float[2] shutteropening" [0 1]
EditEnd 
##streammarker1775
EditBegin "option" 
Identity 
#Camera perspShape
Clipping 0.1 10000
Projection "perspective" "fov" [54.4322]
ScreenWindow -1 1 -0.5625 0.5625
Shutter 0 0
ConcatTransform [ 0.0174524 0.334387 0.942274 -1.82352e-012  -8.81035e-010 -0.942418 0.334438 -1.13217e-012  -0.999848 0.00583674 0.0164475 -7.83344e-011  0.236215 0.0572475 5.46285 1 ]
Camera "world" "float[2] shutteropening" [0 1]
EditEnd 
##streammarker1776
EditBegin "option" 
Identity 
#Camera perspShape
Clipping 0.1 10000
Projection "perspective" "fov" [54.4322]
ScreenWindow -1 1 -0.5625 0.5625
Shutter 0 0
ConcatTransform [ -0.0104718 0.344269 0.938812 2.03384e-012  1.75562e-009 -0.938864 0.344288 5.92855e-013  -0.999945 -0.00360531 -0.00983158 3.98237e-011  0.236339 0.0592174 5.46845 1 ]
Camera "world" "float[2] shutteropening" [0 1]
EditEnd 
##streammarker1777
EditBegin "option" 
Identity 
#Camera perspShape
Clipping 0.1 10000
Projection "perspective" "fov" [54.4322]
ScreenWindow -1 1 -0.5625 0.5625
Shutter 0 0
ConcatTransform [ -0.0174524 0.363819 0.931306 6.83734e-012  0 -0.931448 0.363875 1.86343e-012  -0.999848 -0.00635049 -0.016256 1.18396e-010  0.236342 0.059324 5.46875 1 ]
Camera "world" "float[2] shutteropening" [0 1]
EditEnd 
##streammarker1778
EditBegin "option" 
Identity 
#Camera perspShape
Clipping 0.1 10000
Projection "perspective" "fov" [54.4322]
ScreenWindow -1 1 -0.5625 0.5625
Shutter 0 0
ConcatTransform [ -0.045363 0.382907 0.922672 -1.78547e-011  -1.72786e-009 -0.923623 0.383302 -3.46741e-012  -0.99897 -0.0173877 -0.0418983 -2.09006e-010  0.236236 0.0613664 5.47361 1 ]
Camera "world" "float[2] shutteropening" [0 1]
EditEnd 
##streammarker1779
EditBegin "option" 
Identity 
#Camera perspShape
Clipping 0.1 10000
Projection "perspective" "fov" [54.4322]
ScreenWindow -1 1 -0.5625 0.5625
Shutter 0 0
ConcatTransform [ -0.052336 0.41156 0.909879 3.66239e-011  -1.70503e-009 -0.911128 0.412124 7.11056e-012  -0.99863 -0.0215689 -0.0476847 3.98457e-010  0.23618 0.0614568 5.47319 1 ]
Camera "world" "float[2] shutteropening" [0 1]
EditEnd 
##streammarker1780
EditBegin "option" 
Identity 
#Camera perspShape
Clipping 0.1 10000
Projection "perspective" "fov" [54.4322]
ScreenWindow -1 1 -0.5625 0.5625
Shutter 0 0
ConcatTransform [ -0.0801989 0.429727 0.899391 2.07971e-008  -1.68885e-009 -0.902297 0.431115 6.7236e-009  -0.996779 -0.034575 -0.0723632 -1.70333e-009  0.235844 0.0639039 5.47785 1 ]
Camera "world" "float[2] shutteropening" [0 1]
EditEnd 
##streammarker1781
EditBegin "option" 
Identity 
#Camera perspShape
Clipping 0.1 10000
Projection "perspective" "fov" [54.4322]
ScreenWindow -1 1 -0.5625 0.5625
Shutter 0 0
ConcatTransform [ -0.0941083 0.44792 0.889107 -3.12841e-011  3.34385e-009 -0.89307 0.449917 -4.57321e-012  -0.995562 -0.0423409 -0.0840454 -2.34491e-010  0.235607 0.0650872 5.47946 1 ]
Camera "world" "float[2] shutteropening" [0 1]
EditEnd 
##streammarker1782
EditBegin "option" 
Identity 
#Camera perspShape
Clipping 0.1 10000
Projection "perspective" "fov" [54.4322]
ScreenWindow -1 1 -0.5625 0.5625
Shutter 0 0
ConcatTransform [ -0.114937 0.456201 0.882423 6.10354e-011  3.32636e-009 -0.88831 0.459244 7.86851e-012  -0.993373 -0.0527842 -0.1021 3.95094e-010  0.235165 0.0672229 5.48316 1 ]
Camera "world" "float[2] shutteropening" [0 1]
EditEnd 
##streammarker1783
EditBegin "option" 
Identity 
#Camera perspShape
Clipping 0.1 10000
Projection "perspective" "fov" [54.4322]
ScreenWindow -1 1 -0.5625 0.5625
Shutter 0 0
ConcatTransform [ -0.128796 0.473768 0.871181 1.00014e-010  1.64514e-009 -0.878498 0.477747 1.23163e-011  -0.991671 -0.0615317 -0.113147 5.94222e-010  0.234813 0.068603 5.48463 1 ]
Camera "world" "float[2] shutteropening" [0 1]
EditEnd 
##streammarker1784
EditBegin "option" 
Identity 
#Camera perspShape
Clipping 0.1 10000
Projection "perspective" "fov" [54.4322]
ScreenWindow -1 1 -0.5625 0.5625
Shutter 0 0
ConcatTransform [ -0.149535 0.499426 0.853354 -2.32203e-010  -3.2334e-009 -0.863058 0.505105 -2.69217e-011  -0.988756 -0.0755311 -0.129058 -1.22775e-009  0.2342 0.0708378 5.48672 1 ]
Camera "world" "float[2] shutteropening" [0 1]
EditEnd 
##streammarker1785
EditBegin "option" 
Identity 
#Camera perspShape
Clipping 0.1 10000
Projection "perspective" "fov" [54.4322]
ScreenWindow -1 1 -0.5625 0.5625
Shutter 0 0
ConcatTransform [ -0.163326 0.516046 0.840846 1.77117e-010  -6.38734e-009 -0.85229 0.523069 1.9814e-011  -0.986572 -0.0854308 -0.139201 8.72204e-010  0.233734 0.0724334 5.48802 1 ]
Camera "world" "float[2] shutteropening" [0 1]
EditEnd 
##streammarker1786
EditBegin "option" 
Identity 
#Camera perspShape
Clipping 0.1 10000
Projection "perspective" "fov" [54.4322]
ScreenWindow -1 1 -0.5625 0.5625
Shutter 0 0
ConcatTransform [ -0.183951 0.531575 0.826795 2.0594e-010  -1.57626e-009 -0.841149 0.540803 2.15733e-011  -0.982935 -0.0994815 -0.15473 9.1802e-010  0.232949 0.0749902 5.49062 1 ]
Camera "world" "float[2] shutteropening" [0 1]
EditEnd 
##streammarker1787
EditBegin "option" 
Identity 
#Camera perspShape
Clipping 0.1 10000
Projection "perspective" "fov" [54.4322]
ScreenWindow -1 1 -0.5625 0.5625
Shutter 0 0
ConcatTransform [ -0.190809 0.539485 0.82009 -1.58306e-010  1.5657e-009 -0.83544 0.549582 -1.63432e-011  -0.981627 -0.104865 -0.159409 -6.84209e-010  0.232665 0.0758712 5.49119 1 ]
Camera "world" "float[2] shutteropening" [0 1]
EditEnd 
##streammarker1788
EditBegin "option" 
Identity 
#Camera perspShape
Clipping 0.1 10000
Projection "perspective" "fov" [54.4322]
ScreenWindow -1 1 -0.5625 0.5625
Shutter 0 0
ConcatTransform [ -0.204496 0.554976 0.806339 -3.99236e-009  9.26443e-009 -0.823747 0.566958 -1.22557e-008  -0.978867 -0.115941 -0.168453 3.92874e-009  0.232062 0.0776898 5.49227 1 ]
Camera "world" "float[2] shutteropening" [0 1]
EditEnd 
##streammarker1789
EditBegin "option" 
Identity 
#Camera perspShape
Clipping 0.1 10000
Projection "perspective" "fov" [54.4322]
ScreenWindow -1 1 -0.5625 0.5625
Shutter 0 0
ConcatTransform [ -0.218143 0.561692 0.79807 -4.21014e-009  0 -0.817765 0.575553 -1.21939e-008  -0.975917 -0.125553 -0.17839 2.79898e-009  0.231415 0.0795573 5.49411 1 ]
Camera "world" "float[2] shutteropening" [0 1]
EditEnd 
##streammarker1790
EditBegin "option" 
Identity 
#Camera perspShape
Clipping 0.1 10000
Projection "perspective" "fov" [54.4322]
ScreenWindow -1 1 -0.5625 0.5625
Shutter 0 0
ConcatTransform [ -0.224951 0.577366 0.784886 1.78963e-008  0 -0.805532 0.592553 1.20021e-008  -0.97437 -0.133295 -0.181205 -3.12428e-009  0.231074 0.0805534 5.49374 1 ]
Camera "world" "float[2] shutteropening" [0 1]
EditEnd 
##streammarker1791
EditBegin "option" 
Identity 
#Camera perspShape
Clipping 0.1 10000
Projection "perspective" "fov" [54.4322]
ScreenWindow -1 1 -0.5625 0.5625
Shutter 0 0
ConcatTransform [ -0.238533 0.583608 0.776211 -6.27026e-010  -5.99497e-009 -0.799283 0.600955 -5.827e-011  -0.971134 -0.143348 -0.190656 -2.22789e-009  0.230358 0.0825087 5.49547 1 ]
Camera "world" "float[2] shutteropening" [0 1]
EditEnd 
##streammarker1792
EditBegin "option" 
Identity 
#Camera perspShape
Clipping 0.1 10000
Projection "perspective" "fov" [54.4322]
ScreenWindow -1 1 -0.5625 0.5625
Shutter 0 0
ConcatTransform [ -0.245307 0.598693 0.76249 -3.79384e-009  8.85039e-009 -0.786522 0.617563 -1.1701e-008  -0.969445 -0.151493 -0.19294 3.70005e-009  0.229984 0.0835688 5.49501 1 ]
Camera "world" "float[2] shutteropening" [0 1]
EditEnd 
##streammarker1793
EditBegin "option" 
Identity 
#Camera perspShape
Clipping 0.1 10000
Projection "perspective" "fov" [54.4322]
ScreenWindow -1 1 -0.5625 0.5625
Shutter 0 0
ConcatTransform [ -0.258819 0.604443 0.753434 -4.35924e-009  8.77786e-009 -0.780012 0.625765 -1.16579e-008  -0.965926 -0.16196 -0.201882 1.68366e-009  0.229201 0.0856079 5.49663 1 ]
Camera "world" "float[2] shutteropening" [0 1]
EditEnd 
##streammarker1794
EditBegin "option" 
Identity 
#Camera perspShape
Clipping 0.1 10000
Projection "perspective" "fov" [54.4322]
ScreenWindow -1 1 -0.5625 0.5625
Shutter 0 0
ConcatTransform [ -0.265556 0.618914 0.739206 -6.79102e-010  -2.87662e-009 -0.766736 0.641963 -6.1244e-011  -0.964095 -0.170477 -0.203611 -2.19002e-009  0.228793 0.0867255 5.49606 1 ]
Camera "world" "float[2] shutteropening" [0 1]
EditEnd 
##streammarker1795
EditBegin "option" 
Identity 
#Camera perspShape
Clipping 0.1 10000
Projection "perspective" "fov" [54.4322]
ScreenWindow -1 1 -0.5625 0.5625
Shutter 0 0
ConcatTransform [ -0.265556 0.641827 0.719401 -3.25172e-009  -5.60044e-009 -0.746193 0.66573 -1.10456e-008  -0.964095 -0.176789 -0.198156 5.35437e-009  0.228793 0.0868292 5.49334 1 ]
Camera "world" "float[2] shutteropening" [0 1]
EditEnd 
##streammarker1796
EditBegin "option" 
Identity 
#Camera perspShape
Clipping 0.1 10000
Projection "perspective" "fov" [54.4322]
ScreenWindow -1 1 -0.5625 0.5625
Shutter 0 0
ConcatTransform [ -0.278991 0.654163 0.703019 -6.92378e-011  5.4954e-009 -0.732087 0.681211 -6.35036e-012  -0.960294 -0.190052 -0.204246 -2.13856e-010  0.227944 0.0890231 5.49385 1 ]
Camera "world" "float[2] shutteropening" [0 1]
EditEnd 
##streammarker1797
EditBegin "option" 
Identity 
#Camera perspShape
Clipping 0.1 10000
Projection "perspective" "fov" [54.4322]
ScreenWindow -1 1 -0.5625 0.5625
Shutter 0 0
ConcatTransform [ -0.285688 0.674535 0.680724 -5.48888e-010  -2.1333e-008 -0.710328 0.70387 -5.09853e-011  -0.958323 -0.201088 -0.202933 -1.66111e-009  0.227502 0.0901756 5.49218 1 ]
Camera "world" "float[2] shutteropening" [0 1]
EditEnd 
##streammarker1798
EditBegin "option" 
Identity 
#Camera perspShape
Clipping 0.1 10000
Projection "perspective" "fov" [54.4322]
ScreenWindow -1 1 -0.5625 0.5625
Shutter 0 0
ConcatTransform [ -0.299041 0.685709 0.663609 3.61902e-010  2.61106e-009 -0.695432 0.718592 3.28672e-011  -0.95424 -0.214888 -0.207963 1.04846e-009  0.226586 0.0924502 5.4925 1 ]
Camera "world" "float[2] shutteropening" [0 1]
EditEnd 
##streammarker1799
EditBegin "option" 
Identity 
#Camera perspShape
Clipping 0.1 10000
Projection "perspective" "fov" [54.4322]
ScreenWindow -1 1 -0.5625 0.5625
Shutter 0 0
ConcatTransform [ -0.312335 0.689523 0.653456 -3.57033e-009  1.5497e-008 -0.687869 0.725835 -1.01773e-008  -0.949972 -0.226704 -0.214845 4.86333e-009  0.225625 0.0947485 5.4937 1 ]
Camera "world" "float[2] shutteropening" [0 1]
EditEnd 
##streammarker1800
EditBegin "option" 
Identity 
#Camera perspShape
Clipping 0.1 10000
Projection "perspective" "fov" [54.4322]
ScreenWindow -1 1 -0.5625 0.5625
Shutter 0 0
ConcatTransform [ -0.318959 0.701426 0.637391 -5.79397e-010  -7.57656e-009 -0.672517 0.740081 -5.09296e-011  -0.947768 -0.236056 -0.214506 -1.57655e-009  0.225129 0.0959404 5.49278 1 ]
Camera "world" "float[2] shutteropening" [0 1]
EditEnd 
##streammarker1801
EditBegin "option" 
Identity 
#Camera perspShape
Clipping 0.1 10000
Projection "perspective" "fov" [54.4322]
ScreenWindow -1 1 -0.5625 0.5625
Shutter 0 0
ConcatTransform [ -0.332161 0.704666 0.626989 2.05541e-010  4.99286e-009 -0.66473 0.747083 1.75095e-011  -0.943223 -0.248152 -0.220798 5.36763e-010  0.224102 0.098293 5.49386 1 ]
Camera "world" "float[2] shutteropening" [0 1]
EditEnd 
##streammarker1802
EditBegin "option" 
Identity 
#Camera perspShape
Clipping 0.1 10000
Projection "perspective" "fov" [54.4322]
ScreenWindow -1 1 -0.5625 0.5625
Shutter 0 0
ConcatTransform [ -0.332161 0.717642 0.612094 -3.42216e-010  -1.94994e-008 -0.648939 0.76084 -2.97502e-011  -0.943223 -0.252722 -0.215552 -8.95383e-010  0.224102 0.098323 5.4918 1 ]
Camera "world" "float[2] shutteropening" [0 1]
EditEnd 
##streammarker1803
EditBegin "option" 
Identity 
#Camera perspShape
Clipping 0.1 10000
Projection "perspective" "fov" [54.4322]
ScreenWindow -1 1 -0.5625 0.5625
Shutter 0 0
ConcatTransform [ -0.338738 0.734686 0.587787 -3.55692e-009  -1.17343e-008 -0.62472 0.780849 -9.15685e-009  -0.940881 -0.264503 -0.211616 6.76066e-009  0.223573 0.0995073 5.48969 1 ]
Camera "world" "float[2] shutteropening" [0 1]
EditEnd 
##streammarker1804
EditBegin "option" 
Identity 
#Camera perspShape
Clipping 0.1 10000
Projection "perspective" "fov" [54.4322]
ScreenWindow -1 1 -0.5625 0.5625
Shutter 0 0
ConcatTransform [ -0.351842 0.743007 0.56934 -4.62937e-009  -2.05664e-008 -0.60823 0.793761 -8.97892e-009  -0.93606 -0.279278 -0.214001 4.66195e-009  0.222481 0.101922 5.4895 1 ]
Camera "world" "float[2] shutteropening" [0 1]
EditEnd 
##streammarker1805
EditBegin "option" 
Identity 
#Camera perspShape
Clipping 0.1 10000
Projection "perspective" "fov" [54.4322]
ScreenWindow -1 1 -0.5625 0.5625
Shutter 0 0
ConcatTransform [ -0.358368 0.746945 0.560041 3.1025e-010  1.12696e-008 -0.599885 0.800086 2.63382e-011  -0.93358 -0.286725 -0.214979 7.53125e-010  0.221919 0.103137 5.48936 1 ]
Camera "world" "float[2] shutteropening" [0 1]
EditEnd 
##streammarker1806
EditBegin "option" 
Identity 
#Camera perspShape
Clipping 0.1 10000
Projection "perspective" "fov" [54.4322]
ScreenWindow -1 1 -0.5625 0.5625
Shutter 0 0
ConcatTransform [ -0.371368 0.75437 0.541305 -1.07839e-009  -1.97161e-008 -0.582997 0.812474 -8.96335e-011  -0.928486 -0.301727 -0.216507 -2.52297e-009  0.220762 0.105584 5.489 1 ]
Camera "world" "float[2] shutteropening" [0 1]
EditEnd 
##streammarker1807
EditBegin "option" 
Identity 
#Camera perspShape
Clipping 0.1 10000
Projection "perspective" "fov" [54.4322]
ScreenWindow -1 1 -0.5625 0.5625
Shutter 0 0
ConcatTransform [ -0.384295 0.76662 0.514403 4.48141e-010  0 -0.557189 0.830385 3.67757e-011  -0.92321 -0.319113 -0.214125 1.01238e-009  0.219562 0.108009 5.4874 1 ]
Camera "world" "float[2] shutteropening" [0 1]
EditEnd 
##streammarker1808
EditBegin "option" 
Identity 
#Camera perspShape
Clipping 0.1 10000
Projection "perspective" "fov" [54.4322]
ScreenWindow -1 1 -0.5625 0.5625
Shutter 0 0
ConcatTransform [ -0.390731 0.774948 0.496775 -8.04175e-010  -8.11324e-009 -0.539677 0.841872 -6.58123e-011  -0.920505 -0.328946 -0.210869 -1.78654e-009  0.218946 0.10919 5.48596 1 ]
Camera "world" "float[2] shutteropening" [0 1]
EditEnd 
##streammarker1809
EditBegin "option" 
Identity 
#Camera perspShape
Clipping 0.1 10000
Projection "perspective" "fov" [54.4322]
ScreenWindow -1 1 -0.5625 0.5625
Shutter 0 0
ConcatTransform [ -0.390731 0.790169 0.472188 5.50996e-009  -1.15687e-008 -0.512967 0.858408 -1.53558e-008  -0.920505 -0.335407 -0.200432 1.84128e-009  0.218946 0.108966 5.48254 1 ]
Camera "world" "float[2] shutteropening" [0 1]
EditEnd 
##streammarker1810
EditBegin "option" 
Identity 
#Camera perspShape
Clipping 0.1 10000
Projection "perspective" "fov" [54.4322]
ScreenWindow -1 1 -0.5625 0.5625
Shutter 0 0
ConcatTransform [ -0.403545 0.790281 0.461093 6.80761e-010  7.57711e-009 -0.50395 0.863733 5.53382e-011  -0.91496 -0.348555 -0.203366 1.46348e-009  0.217682 0.1115 5.48293 1 ]
Camera "world" "float[2] shutteropening" [0 1]
EditEnd 
##streammarker1811
EditBegin "option" 
Identity 
#Camera perspShape
Clipping 0.1 10000
Projection "perspective" "fov" [54.4322]
ScreenWindow -1 1 -0.5625 0.5625
Shutter 0 0
ConcatTransform [ -0.409923 0.797282 0.443063 -1.00897e-009  3.65192e-009 -0.48575 0.874098 -8.16916e-011  -0.91212 -0.358313 -0.19912 -2.13431e-009  0.217035 0.112625 5.48134 1 ]
Camera "world" "float[2] shutteropening" [0 1]
EditEnd 
##streammarker1812
EditBegin "option" 
Identity 
#Camera perspShape
Clipping 0.1 10000
Projection "perspective" "fov" [54.4322]
ScreenWindow -1 1 -0.5625 0.5625
Shutter 0 0
ConcatTransform [ -0.409923 0.792599 0.451387 9.02977e-010  0 -0.494877 0.868963 7.26096e-011  -0.91212 -0.356208 -0.202861 1.90834e-009  0.217034 0.112724 5.48252 1 ]
Camera "world" "float[2] shutteropening" [0 1]
EditEnd 
##streammarker1813
EditBegin "option" 
Identity 
#Camera perspShape
Clipping 0.1 10000
Projection "perspective" "fov" [54.4322]
ScreenWindow -1 1 -0.5625 0.5625
Shutter 0 0
ConcatTransform [ -0.409923 0.787828 0.459662 4.50968e-009  -1.13656e-008 -0.50395 0.863733 -1.51524e-008  -0.91212 -0.354064 -0.206581 4.70422e-011  0.217034 0.112811 5.4837 1 ]
Camera "world" "float[2] shutteropening" [0 1]
EditEnd 
##streammarker1814
EditBegin "option" 
Identity 
#Camera perspShape
Clipping 0.1 10000
Projection "perspective" "fov" [54.4322]
ScreenWindow -1 1 -0.5625 0.5625
Shutter 0 0
ConcatTransform [ -0.403545 0.775408 0.485689 -5.98744e-010  3.99025e-009 -0.530831 0.847477 -4.76158e-011  -0.91496 -0.341996 -0.214215 -1.28363e-009  0.217682 0.111711 5.48644 1 ]
Camera "world" "float[2] shutteropening" [0 1]
EditEnd 
##streammarker1815
EditBegin "option" 
Identity 
#Camera perspShape
Clipping 0.1 10000
Projection "perspective" "fov" [54.4322]
ScreenWindow -1 1 -0.5625 0.5625
Shutter 0 0
ConcatTransform [ -0.441506 0.760406 0.476293 1.42751e-008  1.99509e-009 -0.530831 0.847477 1.57231e-008  -0.897258 -0.374166 -0.234365 -6.4006e-009  0.213637 0.119368 5.49124 1 ]
Camera "world" "float[2] shutteropening" [0 1]
EditEnd 
##streammarker1816
EditBegin "option" 
Identity 
#Camera perspShape
Clipping 0.1 10000
Projection "perspective" "fov" [54.4322]
ScreenWindow -1 1 -0.5625 0.5625
Shutter 0 0
ConcatTransform [ -0.447759 0.757776 0.474645 1.12012e-009  -7.98032e-009 -0.530831 0.847477 7.89502e-011  -0.894154 -0.379466 -0.237685 2.12638e-009  0.212926 0.120629 5.49202 1 ]
Camera "world" "float[2] shutteropening" [0 1]
EditEnd 
##streammarker1817
EditBegin "option" 
Identity 
#Camera perspShape
Clipping 0.1 10000
Projection "perspective" "fov" [54.4322]
ScreenWindow -1 1 -0.5625 0.5625
Shutter 0 0
ConcatTransform [ -0.4602 0.752403 0.47128 3.31985e-009  -1.19704e-008 -0.530831 0.847477 2.26416e-010  -0.887815 -0.390009 -0.244288 6.09648e-009  0.211473 0.123141 5.4936 1 ]
Camera "world" "float[2] shutteropening" [0 1]
EditEnd 
##streammarker1818
EditBegin "option" 
Identity 
#Camera perspShape
Clipping 0.1 10000
Projection "perspective" "fov" [54.4322]
ScreenWindow -1 1 -0.5625 0.5625
Shutter 0 0
ConcatTransform [ -0.466387 0.749662 0.469563 5.17678e-010  9.9753e-009 -0.530831 0.847477 3.47374e-011  -0.884581 -0.395252 -0.247573 9.3521e-010  0.210731 0.12439 5.49438 1 ]
Camera "world" "float[2] shutteropening" [0 1]
EditEnd 
##streammarker1819
EditBegin "option" 
Identity 
#Camera perspShape
Clipping 0.1 10000
Projection "perspective" "fov" [54.4322]
ScreenWindow -1 1 -0.5625 0.5625
Shutter 0 0
ConcatTransform [ -0.50302 0.732454 0.458784 -5.43636e-010  0 -0.530831 0.847478 -3.31877e-011  -0.864275 -0.426298 -0.267019 -8.92735e-010  0.206066 0.131789 5.49901 1 ]
Camera "world" "float[2] shutteropening" [0 1]
EditEnd 
##streammarker1820
EditBegin "option" 
Identity 
#Camera perspShape
Clipping 0.1 10000
Projection "perspective" "fov" [54.4322]
ScreenWindow -1 1 -0.5625 0.5625
Shutter 0 0
ConcatTransform [ -0.538771 0.704437 0.462054 -1.05739e-009  -4.12215e-009 -0.548463 0.836175 -5.80958e-011  -0.842452 -0.450506 -0.295496 -1.58266e-009  0.201039 0.138731 5.50645 1 ]
Camera "world" "float[2] shutteropening" [0 1]
EditEnd 
##streammarker1821
EditBegin "option" 
Identity 
#Camera perspShape
Clipping 0.1 10000
Projection "perspective" "fov" [54.4322]
ScreenWindow -1 1 -0.5625 0.5625
Shutter 0 0
ConcatTransform [ -0.567844 0.688286 0.45146 1.73448e-008  -1.85493e-008 -0.548463 0.836175 1.6455e-008  -0.823136 -0.474817 -0.311441 -9.0378e-010  0.196579 0.144534 5.51026 1 ]
Camera "world" "float[2] shutteropening" [0 1]
EditEnd 
##streammarker1822
EditBegin "option" 
Identity 
#Camera perspShape
Clipping 0.1 10000
Projection "perspective" "fov" [54.4322]
ScreenWindow -1 1 -0.5625 0.5625
Shutter 0 0
ConcatTransform [ -0.579281 0.672077 0.461244 2.00199e-009  -1.70096e-008 -0.565854 0.824505 9.78637e-011  -0.815128 -0.47762 -0.327789 2.70113e-009  0.194728 0.14636 5.51483 1 ]
Camera "world" "float[2] shutteropening" [0 1]
EditEnd 
##streammarker1823
EditBegin "option" 
Identity 
#Camera perspShape
Clipping 0.1 10000
Projection "perspective" "fov" [54.4322]
ScreenWindow -1 1 -0.5625 0.5625
Shutter 0 0
ConcatTransform [ -0.596225 0.652268 0.46804 2.8145e-009  -2.40944e-008 -0.582997 0.812474 1.29772e-010  -0.802817 -0.484417 -0.347598 3.63355e-009  0.191881 0.149126 5.52025 1 ]
Camera "world" "float[2] shutteropening" [0 1]
EditEnd 
##streammarker1824
EditBegin "option" 
Identity 
#Camera perspShape
Clipping 0.1 10000
Projection "perspective" "fov" [54.4322]
ScreenWindow -1 1 -0.5625 0.5625
Shutter 0 0
ConcatTransform [ -0.607376 0.640556 0.469875 -7.38673e-010  -8.88849e-009 -0.591474 0.806324 -8.56216e-009  -0.794415 -0.489742 -0.359247 9.20435e-009  0.189935 0.150965 5.52338 1 ]
Camera "world" "float[2] shutteropening" [0 1]
EditEnd 
##streammarker1825
EditBegin "option" 
Identity 
#Camera perspShape
Clipping 0.1 10000
Projection "perspective" "fov" [54.4322]
ScreenWindow -1 1 -0.5625 0.5625
Shutter 0 0
ConcatTransform [ -0.62388 0.630159 0.462249 8.60548e-009  2.22209e-009 -0.591474 0.806324 1.74433e-008  -0.78152 -0.503049 -0.369008 -9.39942e-009  0.186948 0.154148 5.52572 1 ]
Camera "world" "float[2] shutteropening" [0 1]
EditEnd 
##streammarker1826
EditBegin "option" 
Identity 
#Camera perspShape
Clipping 0.1 10000
Projection "perspective" "fov" [54.4322]
ScreenWindow -1 1 -0.5625 0.5625
Shutter 0 0
ConcatTransform [ -0.645458 0.606271 0.464564 -3.19572e-009  2.28478e-008 -0.60823 0.79376 -8.94889e-009  -0.763796 -0.512339 -0.392587 5.44486e-009  0.182838 0.157493 5.53208 1 ]
Camera "world" "float[2] shutteropening" [0 1]
EditEnd 
##streammarker1827
EditBegin "option" 
Identity 
#Camera perspShape
Clipping 0.1 10000
Projection "perspective" "fov" [54.4322]
ScreenWindow -1 1 -0.5625 0.5625
Shutter 0 0
ConcatTransform [ -0.650774 0.592876 0.474332 2.67394e-009  -1.87719e-008 -0.62472 0.780849 1.0289e-010  -0.759271 -0.508156 -0.406552 2.99324e-009  0.181788 0.157601 5.53616 1 ]
Camera "world" "float[2] shutteropening" [0 1]
EditEnd 
##streammarker1828
EditBegin "option" 
Identity 
#Camera perspShape
Clipping 0.1 10000
Projection "perspective" "fov" [54.4322]
ScreenWindow -1 1 -0.5625 0.5625
Shutter 0 0
ConcatTransform [ -0.661312 0.580784 0.474717 -3.02983e-009  2.13923e-008 -0.632863 0.774264 -1.12434e-010  -0.750111 -0.51203 -0.41852 -3.29771e-009  0.179662 0.159077 5.53941 1 ]
Camera "world" "float[2] shutteropening" [0 1]
EditEnd 
##streammarker1829
EditBegin "option" 
Identity 
#Camera perspShape
Clipping 0.1 10000
Projection "perspective" "fov" [54.4322]
ScreenWindow -1 1 -0.5625 0.5625
Shutter 0 0
ConcatTransform [ -0.676876 0.569933 0.465849 1.69086e-009  4.75377e-009 -0.632863 0.774264 6.02478e-011  -0.736097 -0.524081 -0.42837 1.76604e-009  0.176406 0.161964 5.54177 1 ]
Camera "world" "float[2] shutteropening" [0 1]
EditEnd 
##streammarker1830
EditBegin "option" 
Identity 
#Camera perspShape
Clipping 0.1 10000
Projection "perspective" "fov" [54.4322]
ScreenWindow -1 1 -0.5625 0.5625
Shutter 0 0
ConcatTransform [ -0.687087 0.552807 0.471503 9.44746e-010  -4.87395e-009 -0.648939 0.76084 -9.45905e-009  -0.726575 -0.522764 -0.445878 8.61417e-009  0.174193 0.162736 5.54674 1 ]
Camera "world" "float[2] shutteropening" [0 1]
EditEnd 
##streammarker1831
EditBegin "option" 
Identity 
#Camera perspShape
Clipping 0.1 10000
Projection "perspective" "fov" [54.4322]
ScreenWindow -1 1 -0.5625 0.5625
Shutter 0 0
ConcatTransform [ -0.702153 0.53687 0.467709 -3.37889e-009  9.86634e-009 -0.656871 0.754003 -9.73108e-009  -0.712026 -0.529426 -0.461224 4.06805e-009  0.17081 0.164872 5.55081 1 ]
Camera "world" "float[2] shutteropening" [0 1]
EditEnd 
##streammarker1832
EditBegin "option" 
Identity 
#Camera perspShape
Clipping 0.1 10000
Projection "perspective" "fov" [54.4322]
ScreenWindow -1 1 -0.5625 0.5625
Shutter 0 0
ConcatTransform [ -0.707107 0.523317 0.475542 -6.3789e-010  2.52504e-009 -0.672517 0.740081 -1.99809e-011  -0.707107 -0.523317 -0.475541 -6.12212e-010  0.169665 0.164471 5.55505 1 ]
Camera "world" "float[2] shutteropening" [0 1]
EditEnd 
##streammarker1833
EditBegin "option" 
Identity 
#Camera perspShape
Clipping 0.1 10000
Projection "perspective" "fov" [54.4322]
ScreenWindow -1 1 -0.5625 0.5625
Shutter 0 0
