##RenderMan RIB
version 3.04
Option "rerender" "int[2] lodrange" [0 3]
##streammarker2
EditBegin "option" 
Identity 
#Camera perspShape
Clipping 0.1 10000
Projection "perspective" "fov" [54.4322]
ScreenWindow -1 1 -0.5625 0.5625
Shutter 0 0
ConcatTransform [ 0.992546 0.0109147 0.12138 1.25394e-009  9.26118e-010 0.995981 -0.089561 5.7611e-010  0.121869 -0.0888934 -0.988557 5.96864e-009  9.46769 -8.48718 13.413 1 ]
Camera "world" "float[2] shutteropening" [0 1]
EditEnd 
##streammarker3
EditBegin "option" 
Identity 
#Camera perspShape
Clipping 0.1 10000
Projection "perspective" "fov" [54.4322]
ScreenWindow -1 1 -0.5625 0.5625
Shutter 0 0
ConcatTransform [ 0.990748 0.0121549 0.13517 -2.98918e-009  -1.85045e-009 0.995981 -0.089561 -2.07632e-010  0.135716 -0.0887323 -0.986766 -2.74005e-009  9.41991 -8.47537 13.5443 1 ]
Camera "world" "float[2] shutteropening" [0 1]
EditEnd 
##streammarker4
EditBegin "option" 
Identity 
#Camera perspShape
Clipping 0.1 10000
Projection "perspective" "fov" [54.4322]
ScreenWindow -1 1 -0.5625 0.5625
Shutter 0 0
ConcatTransform [ 0.989776 0.012774 0.142056 2.6035e-009  -9.24787e-010 0.995981 -0.089561 1.80516e-010  0.142629 -0.0886454 -0.985799 2.40337e-009  9.39534 -8.46949 13.6097 1 ]
Camera "world" "float[2] shutteropening" [0 1]
EditEnd 
##streammarker5
EditBegin "option" 
Identity 
#Camera perspShape
Clipping 0.1 10000
Projection "perspective" "fov" [54.4322]
ScreenWindow -1 1 -0.5625 0.5625
Shutter 0 0
ConcatTransform [ 0.987688 0.0140104 0.155806 -1.48978e-009  2.77179e-009 0.995981 -0.089561 -1.02918e-010  0.156434 -0.0884584 -0.983719 -1.39474e-009  9.34481 -8.45777 13.74 1 ]
Camera "world" "float[2] shutteropening" [0 1]
EditEnd 
##streammarker6
EditBegin "option" 
Identity 
#Camera perspShape
Clipping 0.1 10000
Projection "perspective" "fov" [54.4322]
ScreenWindow -1 1 -0.5625 0.5625
Shutter 0 0
ConcatTransform [ 0.985408 0.0152441 0.169526 -2.33824e-009  -4.61547e-009 0.995981 -0.089561 -1.60932e-010  0.170209 -0.0882541 -0.981448 -2.22006e-009  9.29246 -8.44612 13.8696 1 ]
Camera "world" "float[2] shutteropening" [0 1]
EditEnd 
##streammarker7
EditBegin "option" 
Identity 
#Camera perspShape
Clipping 0.1 10000
Projection "perspective" "fov" [54.4322]
ScreenWindow -1 1 -0.5625 0.5625
Shutter 0 0
ConcatTransform [ 0.981627 0.0210653 0.189643 1.06171e-009  3.68176e-009 0.993887 -0.1104 6.23664e-010  0.190809 -0.108371 -0.975627 5.85357e-009  9.21055 -8.32677 14.2381 1 ]
Camera "world" "float[2] shutteropening" [0 1]
EditEnd 
##streammarker8
EditBegin "option" 
Identity 
#Camera perspShape
Clipping 0.1 10000
Projection "perspective" "fov" [54.4322]
ScreenWindow -1 1 -0.5625 0.5625
Shutter 0 0
ConcatTransform [ 0.980271 0.0218213 0.196449 -6.60147e-009  1.83989e-009 0.993887 -0.1104 5.16665e-010  0.197657 -0.108222 -0.974279 3.32937e-009  9.18234 -8.31968 14.3019 1 ]
Camera "world" "float[2] shutteropening" [0 1]
EditEnd 
##streammarker9
EditBegin "option" 
Identity 
#Camera perspShape
Clipping 0.1 10000
Projection "perspective" "fov" [54.4322]
ScreenWindow -1 1 -0.5625 0.5625
Shutter 0 0
ConcatTransform [ 0.978867 0.0225763 0.203246 4.91832e-010  -1.83892e-009 0.993887 -0.1104 4.0735e-011  0.204496 -0.108067 -0.972884 4.77388e-010  9.15369 -8.31261 14.3655 1 ]
Camera "world" "float[2] shutteropening" [0 1]
EditEnd 
##streammarker10
EditBegin "option" 
Identity 
#Camera perspShape
Clipping 0.1 10000
Projection "perspective" "fov" [54.4322]
ScreenWindow -1 1 -0.5625 0.5625
Shutter 0 0
ConcatTransform [ 0.977416 0.0233302 0.210033 1.70217e-009  3.67592e-009 0.993887 -0.1104 1.40702e-010  0.211325 -0.107906 -0.971441 1.66398e-009  9.12459 -8.30557 14.4289 1 ]
Camera "world" "float[2] shutteropening" [0 1]
EditEnd 
##streammarker11
EditBegin "option" 
Identity 
#Camera perspShape
Clipping 0.1 10000
Projection "perspective" "fov" [54.4322]
ScreenWindow -1 1 -0.5625 0.5625
Shutter 0 0
ConcatTransform [ 0.97437 0.0248345 0.223576 2.92428e-009  0 0.993887 -0.1104 2.40763e-010  0.224951 -0.10757 -0.968414 2.89964e-009  9.06506 -8.29155 14.5551 1 ]
Camera "world" "float[2] shutteropening" [0 1]
EditEnd 
##streammarker12
EditBegin "option" 
Identity 
#Camera perspShape
Clipping 0.1 10000
Projection "perspective" "fov" [54.4322]
ScreenWindow -1 1 -0.5625 0.5625
Shutter 0 0
ConcatTransform [ 0.971134 0.0263339 0.237075 -4.34862e-010  0 0.993887 -0.1104 -3.56584e-011  0.238533 -0.107213 -0.965198 -4.37374e-010  9.00377 -8.27762 14.6805 1 ]
Camera "world" "float[2] shutteropening" [0 1]
EditEnd 
##streammarker13
EditBegin "option" 
Identity 
#Camera perspShape
Clipping 0.1 10000
Projection "perspective" "fov" [54.4322]
ScreenWindow -1 1 -0.5625 0.5625
Shutter 0 0
ConcatTransform [ 0.967709 0.0278283 0.250528 -1.14751e-009  3.6649e-009 0.993887 -0.1104 5.21398e-010  0.252069 -0.106835 -0.961794 3.65216e-009  8.94071 -8.26379 14.805 1 ]
Camera "world" "float[2] shutteropening" [0 1]
EditEnd 
##streammarker14
EditBegin "option" 
Identity 
#Camera perspShape
Clipping 0.1 10000
Projection "perspective" "fov" [54.4322]
ScreenWindow -1 1 -0.5625 0.5625
Shutter 0 0
ConcatTransform [ 0.965926 0.0285735 0.257237 -1.84422e-009  -7.3263e-009 0.993887 -0.1104 -1.50288e-010  0.258819 -0.106638 -0.960021 -1.89487e-009  8.90853 -8.25691 14.867 1 ]
Camera "world" "float[2] shutteropening" [0 1]
EditEnd 
##streammarker15
EditBegin "option" 
Identity 
#Camera perspShape
Clipping 0.1 10000
Projection "perspective" "fov" [54.4322]
ScreenWindow -1 1 -0.5625 0.5625
Shutter 0 0
ConcatTransform [ 0.964095 0.0293172 0.263933 2.69138e-009  1.83071e-009 0.993887 -0.1104 2.18861e-010  0.265556 -0.106436 -0.958202 2.78504e-009  8.87592 -8.25006 14.9287 1 ]
Camera "world" "float[2] shutteropening" [0 1]
EditEnd 
##streammarker16
EditBegin "option" 
Identity 
#Camera perspShape
Clipping 0.1 10000
Projection "perspective" "fov" [54.4322]
ScreenWindow -1 1 -0.5625 0.5625
Shutter 0 0
ConcatTransform [ 0.962218 0.0300597 0.270616 -1.82772e-010  7.31942e-009 0.993887 -0.1104 -1.48313e-011  0.27228 -0.106229 -0.956336 -1.90482e-010  8.84287 -8.24323 14.9901 1 ]
Camera "world" "float[2] shutteropening" [0 1]
EditEnd 
##streammarker17
EditBegin "option" 
Identity 
#Camera perspShape
Clipping 0.1 10000
Projection "perspective" "fov" [54.4322]
ScreenWindow -1 1 -0.5625 0.5625
Shutter 0 0
ConcatTransform [ 0.960294 0.0308005 0.277286 -1.28673e-010  -1.82901e-009 0.993887 -0.1104 5.93345e-010  0.278991 -0.106016 -0.954424 4.7278e-009  8.80939 -8.23643 15.0514 1 ]
Camera "world" "float[2] shutteropening" [0 1]
EditEnd 
##streammarker18
EditBegin "option" 
Identity 
#Camera perspShape
Clipping 0.1 10000
Projection "perspective" "fov" [54.4322]
ScreenWindow -1 1 -0.5625 0.5625
Shutter 0 0
ConcatTransform [ 0.952129 0.0337487 0.303827 -2.43665e-009  -1.82575e-009 0.993887 -0.1104 -1.95568e-010  0.305695 -0.105115 -0.946309 -2.63147e-009  8.6712 -8.20948 15.294 1 ]
Camera "world" "float[2] shutteropening" [0 1]
EditEnd 
##streammarker19
EditBegin "option" 
Identity 
#Camera perspShape
Clipping 0.1 10000
Projection "perspective" "fov" [54.4322]
ScreenWindow -1 1 -0.5625 0.5625
Shutter 0 0
ConcatTransform [ 0.940881 0.0373965 0.336667 -1.48297e-009  3.64379e-009 0.993887 -0.1104 4.62047e-010  0.338738 -0.103873 -0.935129 3.30517e-009  8.48897 -8.17641 15.5917 1 ]
Camera "world" "float[2] shutteropening" [0 1]
EditEnd 
##streammarker20
EditBegin "option" 
Identity 
#Camera perspShape
Clipping 0.1 10000
Projection "perspective" "fov" [54.4322]
ScreenWindow -1 1 -0.5625 0.5625
Shutter 0 0
ConcatTransform [ 0.93606 0.0388432 0.349691 2.17618e-009  9.1021e-009 0.993887 -0.1104 1.71839e-010  0.351842 -0.103341 -0.930338 2.47065e-009  8.41317 -8.16338 15.7089 1 ]
Camera "world" "float[2] shutteropening" [0 1]
EditEnd 
##streammarker21
EditBegin "option" 
Identity 
#Camera perspShape
Clipping 0.1 10000
Projection "perspective" "fov" [54.4322]
ScreenWindow -1 1 -0.5625 0.5625
Shutter 0 0
ConcatTransform [ 0.925871 0.0456437 0.375074 3.57052e-010  -3.62793e-009 0.992677 -0.120801 3.03337e-011  0.377841 -0.111846 -0.91909 4.14933e-010  8.25666 -8.0675 16.0251 1 ]
Camera "world" "float[2] shutteropening" [0 1]
EditEnd 
##streammarker22
EditBegin "option" 
Identity 
#Camera perspShape
Clipping 0.1 10000
Projection "perspective" "fov" [54.4322]
ScreenWindow -1 1 -0.5625 0.5625
Shutter 0 0
ConcatTransform [ 0.92321 0.0464234 0.381481 1.36818e-009  3.62641e-009 0.992677 -0.120801 1.15942e-010  0.384295 -0.111525 -0.916449 1.60151e-009  8.21652 -8.06056 16.0822 1 ]
Camera "world" "float[2] shutteropening" [0 1]
EditEnd 
##streammarker23
EditBegin "option" 
Identity 
#Camera perspShape
Clipping 0.1 10000
Projection "perspective" "fov" [54.4322]
ScreenWindow -1 1 -0.5625 0.5625
Shutter 0 0
ConcatTransform [ 0.920505 0.0472009 0.38787 -1.30089e-010  -1.81246e-009 0.992677 -0.120801 -1.09958e-011  0.390731 -0.111198 -0.913764 -1.5338e-010  8.17598 -8.05364 16.139 1 ]
Camera "world" "float[2] shutteropening" [0 1]
EditEnd 
##streammarker24
EditBegin "option" 
Identity 
#Camera perspShape
Clipping 0.1 10000
Projection "perspective" "fov" [54.4322]
ScreenWindow -1 1 -0.5625 0.5625
Shutter 0 0
ConcatTransform [ 0.920505 0.0472009 0.38787 -1.30089e-010  -1.81246e-009 0.992677 -0.120801 -1.09958e-011  0.390731 -0.111198 -0.913764 -1.5338e-010  8.17598 -8.05364 16.139 1 ]
Camera "world" "float[2] shutteropening" [0 1]
EditEnd 
##streammarker25
EditBegin "option" 
Identity 
#Camera perspShape
Clipping 0.1 10000
Projection "perspective" "fov" [54.4322]
ScreenWindow -1 1 -0.5625 0.5625
Shutter 0 0
ConcatTransform [ 0.920505 0.0472009 0.38787 -4.88292e-010  -1.81605e-009 0.992677 -0.120801 -3.1686e-011  0.390731 -0.111198 -0.913764 -4.90131e-010  8.17598 -8.05364 19.9799 1 ]
Camera "world" "float[2] shutteropening" [0 1]
EditEnd 
##streammarker26
EditBegin "option" 
Identity 
#Camera perspShape
Clipping 0.1 10000
Projection "perspective" "fov" [54.4322]
ScreenWindow -1 1 -0.5625 0.5625
Shutter 0 0
ConcatTransform [ 0.920505 0.0472009 0.38787 -4.88292e-010  -1.81605e-009 0.992677 -0.120801 -3.1686e-011  0.390731 -0.111198 -0.913764 -4.90131e-010  8.17598 -8.05364 19.9799 1 ]
Camera "world" "float[2] shutteropening" [0 1]
EditEnd 
##streammarker27
EditBegin "option" 
Identity 
#Camera perspShape
Clipping 0.1 10000
Projection "perspective" "fov" [54.4322]
ScreenWindow -1 1 -0.5625 0.5625
Shutter 0 0
ConcatTransform [ 0.920505 0.0472008 0.38787 -1.33102e-009  -5.4602e-009 0.992677 -0.120801 -6.50184e-011  0.390731 -0.111198 -0.913764 -1.14541e-009  8.17598 -8.05364 25.4102 1 ]
Camera "world" "float[2] shutteropening" [0 1]
EditEnd 
##streammarker28
EditBegin "option" 
Identity 
#Camera perspShape
Clipping 0.1 10000
Projection "perspective" "fov" [54.4322]
ScreenWindow -1 1 -0.5625 0.5625
Shutter 0 0
ConcatTransform [ 0.920505 0.0472008 0.38787 -1.33102e-009  -5.4602e-009 0.992677 -0.120801 -6.50184e-011  0.390731 -0.111198 -0.913764 -1.14541e-009  8.17598 -8.05364 25.4102 1 ]
Camera "world" "float[2] shutteropening" [0 1]
EditEnd 
##streammarker29
EditBegin "option" 
Identity 
#Camera perspShape
Clipping 0.1 10000
Projection "perspective" "fov" [54.4322]
ScreenWindow -1 1 -0.5625 0.5625
Shutter 0 0
ConcatTransform [ 0.931056 0.0402822 0.362646 -1.18074e-009  -3.65091e-009 0.993887 -0.1104 -5.34129e-011  0.364877 -0.102788 -0.925365 -9.79191e-010  8.33573 -8.15048 25.0964 1 ]
Camera "world" "float[2] shutteropening" [0 1]
EditEnd 
##streammarker30
EditBegin "option" 
Identity 
#Camera perspShape
Clipping 0.1 10000
Projection "perspective" "fov" [54.4322]
ScreenWindow -1 1 -0.5625 0.5625
Shutter 0 0
ConcatTransform [ 0.938493 0.0345249 0.343568 -1.42314e-009  -1.83012e-009 0.994989 -0.0999858 -5.8936e-011  0.345298 -0.093836 -0.93379 -1.14854e-009  8.45128 -8.23614 24.8357 1 ]
Camera "world" "float[2] shutteropening" [0 1]
EditEnd 
##streammarker31
EditBegin "option" 
Identity 
#Camera perspShape
Clipping 0.1 10000
Projection "perspective" "fov" [54.4322]
ScreenWindow -1 1 -0.5625 0.5625
Shutter 0 0
ConcatTransform [ 0.943223 0.0262828 0.33112 7.12798e-010  -5.51174e-009 0.996865 -0.0791264 2.36577e-011  0.332161 -0.0746338 -0.940265 5.67006e-010  8.52625 -8.37531 24.5437 1 ]
Camera "world" "float[2] shutteropening" [0 1]
EditEnd 
##streammarker32
EditBegin "option" 
Identity 
#Camera perspShape
Clipping 0.1 10000
Projection "perspective" "fov" [54.4322]
ScreenWindow -1 1 -0.5625 0.5625
Shutter 0 0
ConcatTransform [ 0.949972 0.024714 0.311356 -9.46782e-010  -5.51521e-009 0.996865 -0.0791264 -3.16245e-011  0.312335 -0.0751679 -0.946994 -7.30685e-010  8.6356 -8.38953 24.3646 1 ]
Camera "world" "float[2] shutteropening" [0 1]
EditEnd 
##streammarker33
EditBegin "option" 
Identity 
#Camera perspShape
Clipping 0.1 10000
Projection "perspective" "fov" [54.4322]
ScreenWindow -1 1 -0.5625 0.5625
Shutter 0 0
ConcatTransform [ 0.958323 0.0226054 0.284793 1.58825e-009  -9.20023e-010 0.996865 -0.0791264 5.34899e-011  0.285688 -0.0758286 -0.955318 1.17667e-009  8.77549 -8.40877 24.1222 1 ]
Camera "world" "float[2] shutteropening" [0 1]
EditEnd 
##streammarker34
EditBegin "option" 
Identity 
#Camera perspShape
Clipping 0.1 10000
Projection "perspective" "fov" [54.4322]
ScreenWindow -1 1 -0.5625 0.5625
Shutter 0 0
ConcatTransform [ 0.969445 0.0168485 0.244728 -1.98891e-009  0 0.997639 -0.0686831 -5.90856e-011  0.245307 -0.0665845 -0.967156 -1.38855e-009  8.97246 -8.49218 23.6629 1 ]
Camera "world" "float[2] shutteropening" [0 1]
EditEnd 
##streammarker35
EditBegin "option" 
Identity 
#Camera perspShape
Clipping 0.1 10000
Projection "perspective" "fov" [54.4322]
ScreenWindow -1 1 -0.5625 0.5625
Shutter 0 0
ConcatTransform [ 0.975917 0.0127029 0.217773 2.47303e-009  0 0.998303 -0.0582323 2.29479e-010  0.218143 -0.0568299 -0.974261 4.52192e-009  9.09505 -8.55992 23.3219 1 ]
Camera "world" "float[2] shutteropening" [0 1]
EditEnd 
##streammarker36
EditBegin "option" 
Identity 
#Camera perspShape
Clipping 0.1 10000
Projection "perspective" "fov" [54.4322]
ScreenWindow -1 1 -0.5625 0.5625
Shutter 0 0
ConcatTransform [ 0.982935 0.0107118 0.183639 1.73142e-009  4.62731e-010 0.998303 -0.0582323 2.17306e-010  0.183951 -0.0572386 -0.981267 3.94138e-009  9.2383 -8.57856 23.0024 1 ]
Camera "world" "float[2] shutteropening" [0 1]
EditEnd 
##streammarker37
EditBegin "option" 
Identity 
#Camera perspShape
Clipping 0.1 10000
Projection "perspective" "fov" [54.4322]
ScreenWindow -1 1 -0.5625 0.5625
Shutter 0 0
ConcatTransform [ 0.982935 0.0107118 0.183639 1.73142e-009  4.62731e-010 0.998303 -0.0582323 2.17306e-010  0.183951 -0.0572386 -0.981267 3.94138e-009  9.2383 -8.57856 23.0024 1 ]
Camera "world" "float[2] shutteropening" [0 1]
EditEnd 
##streammarker38
EditBegin "option" 
Identity 
#Camera perspShape
Clipping 0.1 10000
Projection "perspective" "fov" [54.4322]
ScreenWindow -1 1 -0.5625 0.5625
Shutter 0 0
ConcatTransform [ 0.982935 0.0107119 0.183639 -4.89134e-010  4.62937e-010 0.998303 -0.0582323 -9.24586e-012  0.183951 -0.0572386 -0.981267 -2.52797e-010  9.2383 -8.57856 30.6802 1 ]
Camera "world" "float[2] shutteropening" [0 1]
EditEnd 
##streammarker39
EditBegin "option" 
Identity 
#Camera perspShape
Clipping 0.1 10000
Projection "perspective" "fov" [54.4322]
ScreenWindow -1 1 -0.5625 0.5625
Shutter 0 0
ConcatTransform [ 0.982935 0.0107119 0.183639 -4.89134e-010  4.62937e-010 0.998303 -0.0582323 -9.24586e-012  0.183951 -0.0572386 -0.981267 -2.52797e-010  9.2383 -8.57856 30.6802 1 ]
Camera "world" "float[2] shutteropening" [0 1]
EditEnd 
##streammarker40
EditBegin "option" 
Identity 
#Camera perspShape
Clipping 0.1 10000
Projection "perspective" "fov" [54.4322]
ScreenWindow -1 1 -0.5625 0.5625
Shutter 0 0
ConcatTransform [ 0.982935 0.0107119 0.183639 1.63482e-009  -4.63168e-010 0.998303 -0.0582323 2.24758e-011  0.183951 -0.0572386 -0.981267 6.97952e-010  9.2383 -8.57856 41.5354 1 ]
Camera "world" "float[2] shutteropening" [0 1]
EditEnd 
##streammarker41
EditBegin "option" 
Identity 
#Camera perspShape
Clipping 0.1 10000
Projection "perspective" "fov" [54.4322]
ScreenWindow -1 1 -0.5625 0.5625
Shutter 0 0
ConcatTransform [ 0.982935 0.0107119 0.183639 1.63482e-009  -4.63168e-010 0.998303 -0.0582323 2.24758e-011  0.183951 -0.0572386 -0.981267 6.97952e-010  9.2383 -8.57856 41.5354 1 ]
Camera "world" "float[2] shutteropening" [0 1]
EditEnd 
##streammarker42
EditBegin "option" 
Identity 
#Camera perspShape
Clipping 0.1 10000
Projection "perspective" "fov" [54.4322]
ScreenWindow -1 1 -0.5625 0.5625
Shutter 0 0
ConcatTransform [ 0.982935 0.0107119 0.183639 -7.08968e-010  -4.63414e-010 0.998303 -0.0582323 -7.03486e-012  0.183951 -0.0572386 -0.981267 -2.55375e-010  9.2383 -8.57856 56.8832 1 ]
Camera "world" "float[2] shutteropening" [0 1]
EditEnd 
##streammarker43
EditBegin "option" 
Identity 
#Camera perspShape
Clipping 0.1 10000
Projection "perspective" "fov" [54.4322]
ScreenWindow -1 1 -0.5625 0.5625
Shutter 0 0
ConcatTransform [ 0.982935 0.0107119 0.183639 -7.08968e-010  -4.63414e-010 0.998303 -0.0582323 -7.03486e-012  0.183951 -0.0572386 -0.981267 -2.55375e-010  9.2383 -8.57856 56.8832 1 ]
Camera "world" "float[2] shutteropening" [0 1]
EditEnd 
##streammarker44
EditBegin "option" 
Identity 
#Camera perspShape
Clipping 0.1 10000
Projection "perspective" "fov" [54.4322]
ScreenWindow -1 1 -0.5625 0.5625
Shutter 0 0
ConcatTransform [ 0.982935 0.0107119 0.183639 1.63482e-009  -4.63168e-010 0.998303 -0.0582323 2.24758e-011  0.183951 -0.0572386 -0.981267 6.97952e-010  9.2383 -8.57856 41.5354 1 ]
Camera "world" "float[2] shutteropening" [0 1]
EditEnd 
##streammarker45
EditBegin "option" 
Identity 
#Camera perspShape
Clipping 0.1 10000
Projection "perspective" "fov" [54.4322]
ScreenWindow -1 1 -0.5625 0.5625
Shutter 0 0
ConcatTransform [ 0.982935 0.0107119 0.183639 -4.89134e-010  4.62937e-010 0.998303 -0.0582323 -9.24586e-012  0.183951 -0.0572386 -0.981267 -2.52797e-010  9.2383 -8.57856 30.6802 1 ]
Camera "world" "float[2] shutteropening" [0 1]
EditEnd 
##streammarker46
EditBegin "option" 
Identity 
#Camera perspShape
Clipping 0.1 10000
Projection "perspective" "fov" [54.4322]
ScreenWindow -1 1 -0.5625 0.5625
Shutter 0 0
ConcatTransform [ 0.982935 0.0107118 0.183639 1.73142e-009  4.62731e-010 0.998303 -0.0582323 2.17306e-010  0.183951 -0.0572386 -0.981267 3.94138e-009  9.2383 -8.57856 23.0024 1 ]
Camera "world" "float[2] shutteropening" [0 1]
EditEnd 
##streammarker47
EditBegin "option" 
Identity 
#Camera perspShape
Clipping 0.1 10000
Projection "perspective" "fov" [54.4322]
ScreenWindow -1 1 -0.5625 0.5625
Shutter 0 0
ConcatTransform [ 0.982935 0.0107118 0.183639 1.73142e-009  4.62731e-010 0.998303 -0.0582323 2.17306e-010  0.183951 -0.0572386 -0.981267 3.94138e-009  9.2383 -8.57856 23.0024 1 ]
Camera "world" "float[2] shutteropening" [0 1]
EditEnd 
##streammarker48
EditBegin "option" 
Identity 
#Camera perspShape
Clipping 0.1 10000
Projection "perspective" "fov" [54.4322]
ScreenWindow -1 1 -0.5625 0.5625
Shutter 0 0
ConcatTransform [ 0.982935 0.0107119 0.183639 5.38806e-009  0 0.998303 -0.0582323 -2.63463e-010  0.183951 -0.0572385 -0.981267 -3.37916e-009  9.2383 -8.57856 17.572 1 ]
Camera "world" "float[2] shutteropening" [0 1]
EditEnd 
##streammarker49
EditBegin "option" 
Identity 
#Camera perspShape
Clipping 0.1 10000
Projection "perspective" "fov" [54.4322]
ScreenWindow -1 1 -0.5625 0.5625
Shutter 0 0
ConcatTransform [ 0.982935 0.010712 0.183639 -1.72963e-009  9.24833e-010 0.998303 -0.0582323 2.12882e-010  0.183951 -0.0572386 -0.981267 3.34137e-009  9.2383 -8.57856 13.7312 1 ]
Camera "world" "float[2] shutteropening" [0 1]
EditEnd 
##streammarker50
EditBegin "option" 
Identity 
#Camera perspShape
Clipping 0.1 10000
Projection "perspective" "fov" [54.4322]
ScreenWindow -1 1 -0.5625 0.5625
Shutter 0 0
ConcatTransform [ 0.982935 0.0107119 0.183639 -1.47487e-009  2.77384e-009 0.998303 -0.0582323 2.86981e-010  0.183951 -0.0572387 -0.981267 4.72533e-009  9.2383 -8.57856 11.0147 1 ]
Camera "world" "float[2] shutteropening" [0 1]
EditEnd 
##streammarker51
EditBegin "option" 
Identity 
#Camera perspShape
Clipping 0.1 10000
Projection "perspective" "fov" [54.4322]
ScreenWindow -1 1 -0.5625 0.5625
Shutter 0 0
ConcatTransform [ 0.982935 0.0107119 0.183639 -1.47487e-009  2.77384e-009 0.998303 -0.0582323 2.86981e-010  0.183951 -0.0572387 -0.981267 4.72533e-009  9.2383 -8.57856 11.0147 1 ]
Camera "world" "float[2] shutteropening" [0 1]
EditEnd 
##streammarker52
EditBegin "option" 
Identity 
#Camera perspShape
Clipping 0.1 10000
Projection "perspective" "fov" [54.4322]
ScreenWindow -1 1 -0.5625 0.5625
Shutter 0 0
ConcatTransform [ 0.982935 0.010712 0.183639 -1.72963e-009  9.24833e-010 0.998303 -0.0582323 2.12882e-010  0.183951 -0.0572386 -0.981267 3.34137e-009  9.2383 -8.57856 13.7312 1 ]
Camera "world" "float[2] shutteropening" [0 1]
EditEnd 
##streammarker53
EditBegin "option" 
Identity 
#Camera perspShape
Clipping 0.1 10000
Projection "perspective" "fov" [54.4322]
ScreenWindow -1 1 -0.5625 0.5625
Shutter 0 0
ConcatTransform [ 0.982935 0.0107119 0.183639 5.38806e-009  0 0.998303 -0.0582323 -2.63463e-010  0.183951 -0.0572385 -0.981267 -3.37916e-009  9.2383 -8.57856 17.572 1 ]
Camera "world" "float[2] shutteropening" [0 1]
EditEnd 
##streammarker54
EditBegin "option" 
Identity 
#Camera perspShape
Clipping 0.1 10000
Projection "perspective" "fov" [54.4322]
ScreenWindow -1 1 -0.5625 0.5625
Shutter 0 0
ConcatTransform [ 0.982935 0.0107118 0.183639 1.73142e-009  4.62731e-010 0.998303 -0.0582323 2.17306e-010  0.183951 -0.0572386 -0.981267 3.94138e-009  9.2383 -8.57856 23.0024 1 ]
Camera "world" "float[2] shutteropening" [0 1]
EditEnd 
##streammarker55
EditBegin "option" 
Identity 
#Camera perspShape
Clipping 0.1 10000
Projection "perspective" "fov" [54.4322]
ScreenWindow -1 1 -0.5625 0.5625
Shutter 0 0
ConcatTransform [ 0.982935 0.0107118 0.183639 1.73142e-009  4.62731e-010 0.998303 -0.0582323 2.17306e-010  0.183951 -0.0572386 -0.981267 3.94138e-009  9.2383 -8.57856 23.0024 1 ]
Camera "world" "float[2] shutteropening" [0 1]
EditEnd 
##streammarker56
EditBegin "option" 
Identity 
#Camera perspShape
Clipping 0.1 10000
Projection "perspective" "fov" [54.4322]
ScreenWindow -1 1 -0.5625 0.5625
Shutter 0 0
ConcatTransform [ 0.982935 0.0107119 0.183639 -4.89134e-010  4.62937e-010 0.998303 -0.0582323 -9.24586e-012  0.183951 -0.0572386 -0.981267 -2.52797e-010  9.2383 -8.57856 30.6802 1 ]
Camera "world" "float[2] shutteropening" [0 1]
EditEnd 
##streammarker57
EditBegin "option" 
Identity 
#Camera perspShape
Clipping 0.1 10000
Projection "perspective" "fov" [54.4322]
ScreenWindow -1 1 -0.5625 0.5625
Shutter 0 0
ConcatTransform [ 0.982935 0.0107119 0.183639 1.63482e-009  -4.63168e-010 0.998303 -0.0582323 2.24758e-011  0.183951 -0.0572386 -0.981267 6.97952e-010  9.2383 -8.57856 41.5354 1 ]
Camera "world" "float[2] shutteropening" [0 1]
EditEnd 
##streammarker58
EditBegin "option" 
Identity 
#Camera perspShape
Clipping 0.1 10000
Projection "perspective" "fov" [54.4322]
ScreenWindow -1 1 -0.5625 0.5625
Shutter 0 0
ConcatTransform [ 0.982935 0.0107119 0.183639 -7.08968e-010  -4.63414e-010 0.998303 -0.0582323 -7.03486e-012  0.183951 -0.0572386 -0.981267 -2.55375e-010  9.2383 -8.57856 56.8832 1 ]
Camera "world" "float[2] shutteropening" [0 1]
EditEnd 
##streammarker59
EditBegin "option" 
Identity 
#Camera perspShape
Clipping 0.1 10000
Projection "perspective" "fov" [54.4322]
ScreenWindow -1 1 -0.5625 0.5625
Shutter 0 0
ConcatTransform [ 0.982935 0.0107119 0.183639 1.0133e-009  0 0.998303 -0.0582323 7.21584e-012  0.183951 -0.0572386 -0.981267 3.15486e-010  9.2383 -8.57856 78.5827 1 ]
Camera "world" "float[2] shutteropening" [0 1]
EditEnd 
##streammarker60
EditBegin "option" 
Identity 
#Camera perspShape
Clipping 0.1 10000
Projection "perspective" "fov" [54.4322]
ScreenWindow -1 1 -0.5625 0.5625
Shutter 0 0
ConcatTransform [ 0.982935 0.0107119 0.183639 1.95155e-009  -4.63895e-010 0.998303 -0.0582323 4.92913e-011  0.183951 -0.0572386 -0.981267 1.10039e-009  9.23831 -8.57856 109.263 1 ]
Camera "world" "float[2] shutteropening" [0 1]
EditEnd 
##streammarker61
EditBegin "option" 
Identity 
#Camera perspShape
Clipping 0.1 10000
Projection "perspective" "fov" [54.4322]
ScreenWindow -1 1 -0.5625 0.5625
Shutter 0 0
ConcatTransform [ 0.982935 0.0107119 0.183639 1.95155e-009  -4.63895e-010 0.998303 -0.0582323 4.92913e-011  0.183951 -0.0572386 -0.981267 1.10039e-009  9.23831 -8.57856 109.263 1 ]
Camera "world" "float[2] shutteropening" [0 1]
EditEnd 
##streammarker62
EditBegin "option" 
Identity 
#Camera perspShape
Clipping 0.1 10000
Projection "perspective" "fov" [54.4322]
ScreenWindow -1 1 -0.5625 0.5625
Shutter 0 0
ConcatTransform [ 0.982935 0.0107118 0.183639 3.60794e-010  6.96158e-010 0.998303 -0.0582323 1.30846e-012  0.183951 -0.0572386 -0.981267 9.03418e-011  9.2383 -8.57856 152.64 1 ]
Camera "world" "float[2] shutteropening" [0 1]
EditEnd 
##streammarker63
EditBegin "option" 
Identity 
#Camera perspShape
Clipping 0.1 10000
Projection "perspective" "fov" [54.4322]
ScreenWindow -1 1 -0.5625 0.5625
Shutter 0 0
ConcatTransform [ 0.982935 0.0107119 0.183639 -2.7645e-010  -2.32142e-010 0.998303 -0.0582323 -7.12877e-013  0.183951 -0.0572386 -0.981267 -6.41695e-011  9.2383 -8.57856 213.968 1 ]
Camera "world" "float[2] shutteropening" [0 1]
EditEnd 
##streammarker64
EditBegin "option" 
Identity 
#Camera perspShape
Clipping 0.1 10000
Projection "perspective" "fov" [54.4322]
ScreenWindow -1 1 -0.5625 0.5625
Shutter 0 0
ConcatTransform [ 0.982935 0.0107119 0.183639 -4.19229e-010  5.80536e-010 0.998303 -0.0582323 1.54347e-011  0.183951 -0.0572386 -0.981267 1.10244e-010  9.2383 -8.57856 300.679 1 ]
Camera "world" "float[2] shutteropening" [0 1]
EditEnd 
##streammarker65
EditBegin "option" 
Identity 
#Camera perspShape
Clipping 0.1 10000
Projection "perspective" "fov" [54.4322]
ScreenWindow -1 1 -0.5625 0.5625
Shutter 0 0
ConcatTransform [ 0.982935 0.0107119 0.183639 -4.19229e-010  5.80536e-010 0.998303 -0.0582323 1.54347e-011  0.183951 -0.0572386 -0.981267 1.10244e-010  9.2383 -8.57856 300.679 1 ]
Camera "world" "float[2] shutteropening" [0 1]
EditEnd 
##streammarker66
EditBegin "option" 
Identity 
#Camera perspShape
Clipping 0.1 10000
Projection "perspective" "fov" [54.4322]
ScreenWindow -1 1 -0.5625 0.5625
Shutter 0 0
ConcatTransform [ 0.982935 0.0107119 0.183639 1.0133e-009  0 0.998303 -0.0582323 7.21584e-012  0.183951 -0.0572386 -0.981267 3.15486e-010  9.2383 -8.57856 78.5827 1 ]
Camera "world" "float[2] shutteropening" [0 1]
EditEnd 
##streammarker67
EditBegin "option" 
Identity 
#Camera perspShape
Clipping 0.1 10000
Projection "perspective" "fov" [54.4322]
ScreenWindow -1 1 -0.5625 0.5625
Shutter 0 0
ConcatTransform [ 0.982935 0.0107119 0.183639 -7.08968e-010  -4.63414e-010 0.998303 -0.0582323 -7.03486e-012  0.183951 -0.0572386 -0.981267 -2.55375e-010  9.2383 -8.57856 56.8832 1 ]
Camera "world" "float[2] shutteropening" [0 1]
EditEnd 
##streammarker68
EditBegin "option" 
Identity 
#Camera perspShape
Clipping 0.1 10000
Projection "perspective" "fov" [54.4322]
ScreenWindow -1 1 -0.5625 0.5625
Shutter 0 0
ConcatTransform [ 0.982935 0.0107119 0.183639 1.63482e-009  -4.63168e-010 0.998303 -0.0582323 2.24758e-011  0.183951 -0.0572386 -0.981267 6.97952e-010  9.2383 -8.57856 41.5354 1 ]
Camera "world" "float[2] shutteropening" [0 1]
EditEnd 
##streammarker69
EditBegin "option" 
Identity 
#Camera perspShape
Clipping 0.1 10000
Projection "perspective" "fov" [54.4322]
ScreenWindow -1 1 -0.5625 0.5625
Shutter 0 0
ConcatTransform [ 0.982935 0.0107119 0.183639 1.63482e-009  -4.63168e-010 0.998303 -0.0582323 2.24758e-011  0.183951 -0.0572386 -0.981267 6.97952e-010  9.2383 -8.57856 41.5354 1 ]
Camera "world" "float[2] shutteropening" [0 1]
EditEnd 
##streammarker70
EditBegin "option" 
Identity 
#Camera perspShape
Clipping 0.1 10000
Projection "perspective" "fov" [54.4322]
ScreenWindow -1 1 -0.5625 0.5625
Shutter 0 0
ConcatTransform [ 0.982935 0.0107119 0.183639 -4.89134e-010  4.62937e-010 0.998303 -0.0582323 -9.24586e-012  0.183951 -0.0572386 -0.981267 -2.52797e-010  9.2383 -8.57856 30.6802 1 ]
Camera "world" "float[2] shutteropening" [0 1]
EditEnd 
##streammarker71
EditBegin "option" 
Identity 
#Camera perspShape
Clipping 0.1 10000
Projection "perspective" "fov" [54.4322]
ScreenWindow -1 1 -0.5625 0.5625
Shutter 0 0
ConcatTransform [ 0.982935 0.0107119 0.183639 -4.89134e-010  4.62937e-010 0.998303 -0.0582323 -9.24586e-012  0.183951 -0.0572386 -0.981267 -2.52797e-010  9.2383 -8.57856 30.6802 1 ]
Camera "world" "float[2] shutteropening" [0 1]
EditEnd 
##streammarker72
EditBegin "attribute" "string scopename" [""]
Attribute "user" "float[17] brick_shader:place2dTexture1" [1 1 0 0 0
0 0 0 1 1 1 1 0 0 0 0 0]
EditEnd 
##streammarker73
EditBegin "attribute" "string scopename" [""]
Attribute "user" "float[17] brick_shader:place2dTexture1" [1 1 0 0 0
0 0 0 1 1 1 1 0 0 0 0 0]
EditEnd 
##streammarker74
EditBegin "attribute" "string scopename" [""]
Attribute "user" "float[17] brick_shader:place2dTexture1" [1 1 0 0 0
0 0 0 1 1 1 1 0 0 0 0 0]
EditEnd 
##streammarker75
EditBegin "attribute" "string scopename" [""]
Attribute "user" "float[17] brick_shader:place2dTexture1" [1 1 0 0 0
0 0 0 1 1 1 1 0 0 0 0 0]
EditEnd 
##streammarker76
EditBegin "attribute" "string scopename" [""]
Attribute "user" "float[17] brick_shader:place2dTexture1" [1 1 0 0 0
0 0 0 1 1 1 1 0 0 0 0 0]
EditEnd 
##streammarker77
EditBegin "attribute" "string scopename" [""]
Attribute "user" "float[17] brick_shader:place2dTexture1" [1 1 0 0 0
0 0 0 1 1 1 1 0 0 0 0 0]
EditEnd 
##streammarker78
EditBegin "attribute" "string scopename" [""]
Attribute "user" "float[17] brick_shader:place2dTexture1" [1 1 0 0 0
0 0 0 1 1 1 1 0 0 0 0 0]
EditEnd 
##streammarker79
EditBegin "attribute" "string scopename" [""]
Attribute "user" "float[17] brick_shader:place2dTexture1" [1 1 0 0 0
0 0 0 1 1 1 1 0 0 0 0 0]
EditEnd 
##streammarker80
EditBegin "attribute" "string scopename" [""]
Attribute "user" "float[17] brick_shader:place2dTexture1" [1 1 0 0 0
0 0 0 1 1 1 1 0 0 0 0 0]
EditEnd 
##streammarker81
EditBegin "attribute" "string scopename" [""]
Attribute "user" "float[17] brick_shader:place2dTexture1" [1 1 0 0 0
0 0 0 1 1 1 1 0 0 0 0 0]
EditEnd 
##streammarker82
EditBegin "attribute" "string scopename" [""]
Attribute "user" "float[17] brick_shader:place2dTexture1" [1 1 0 0 0
0 0 0 1 1 1 1 0 0 0 0 0]
EditEnd 
##streammarker83
EditBegin "attribute" "string scopename" [""]
Attribute "user" "float[17] brick_shader:place2dTexture1" [1 1 0 0 0
0 0 0 1 1 1 1 0 0 0 0 0]
EditEnd 
##streammarker84
EditBegin "attribute" "string scopename" [""]
Attribute "user" "float[17] brick_shader:place2dTexture1" [1 1 0 0 0
0 0 0 1 1 1 1 0 0 0 0 0]
EditEnd 
##streammarker85
EditBegin "attribute" "string scopename" [""]
Attribute "user" "float[17] brick_shader:place2dTexture1" [1 1 0 0 0
0 0 0 1 1 1 1 0 0 0 0 0]
EditEnd 
##streammarker86
EditBegin "attribute" "string scopename" [""]
Attribute "user" "float[17] brick_shader:place2dTexture1" [1 1 0 0 0
0 0 0 1 1 1 1 0 0 0 0 0]
EditEnd 
##streammarker87
EditBegin "attribute" "string scopename" [""]
Attribute "user" "float[17] brick_shader:place2dTexture1" [1 1 0 0 0
0 0 0 1 1 1 1 0 0 0 0 0]
EditEnd 
##streammarker88
EditBegin "attribute" "string scopename" [""]
Attribute "user" "float[17] brick_shader:place2dTexture1" [1 1 0 0 0
0 0 0 1 1 1 1 0 0 0 0 0]
EditEnd 
##streammarker89
EditBegin "attribute" "string scopename" [""]
Attribute "user" "float[17] brick_shader:place2dTexture1" [1 1 0 0 0
0 0 0 1 1 1 1 0 0 0 0 0]
EditEnd 
##streammarker90
EditBegin "attribute" "string scopename" [""]
Attribute "user" "float[17] brick_shader:place2dTexture1" [1 1 0 0 0
0 0 0 1 1 1 1 0 0 0 0 0]
EditEnd 
##streammarker91
EditBegin "attribute" "string scopename" [""]
Attribute "user" "float[17] brick_shader:place2dTexture1" [1 1 0 0 0
0 0 0 1 1 1 1 0 0 0 0 0]
EditEnd 
##streammarker92
EditBegin "attribute" "string scopename" [""]
Attribute "user" "float[17] brick_shader:place2dTexture1" [1 1 0 0 0
0 0 0 1 1 1 1 0 0 0 0 0]
EditEnd 
##streammarker93
EditBegin "attribute" "string scopename" [""]
Attribute "user" "float[17] brick_shader:place2dTexture1" [1 1 0 0 0
0 0 0 1 1 1 1 0 0 0 0 0]
EditEnd 
##streammarker94
EditBegin "attribute" "string scopename" [""]
Attribute "user" "float[17] brick_shader:place2dTexture1" [1 1 0 0 0
0 0 0 1 1 1 1 0 0 0 0 0]
EditEnd 
##streammarker95
EditBegin "attribute" "string scopename" [""]
Attribute "user" "float[17] brick_shader:place2dTexture1" [1 1 0 0 0
0 0 0 1 1 1 1 0 0 0 0 0]
EditEnd 
##streammarker96
EditBegin "attribute" "string scopename" [""]
Attribute "user" "float[17] brick_shader:place2dTexture1" [1 1 0 0 0
0 0 0 1 1 1 1 0 0 0 0 0]
EditEnd 
##streammarker97
EditBegin "attribute" "string scopename" [""]
Attribute "user" "float[17] brick_shader:place2dTexture1" [1 1 0 0 0
0 0 0 1 1 1 1 0 0 0 0 0]
EditEnd 
##streammarker98
EditBegin "attribute" "string scopename" [""]
Attribute "user" "float[17] brick_shader:place2dTexture1" [1 1 0 0 0
0 0 0 1 1 1 1 0 0 0 0 0]
EditEnd 
##streammarker99
EditBegin "attribute" "string scopename" [""]
Attribute "user" "float[17] brick_shader:place2dTexture1" [1 1 0 0 0
0 0 0 1 1 1 1 0 0 0 0 0]
EditEnd 
##streammarker100
EditBegin "attribute" "string scopename" [""]
Attribute "user" "float[17] brick_shader:place2dTexture1" [1 1 0 0 0
0 0 0 1 1 1 1 0 0 0 0 0]
EditEnd 
##streammarker101
EditBegin "attribute" "string scopename" [""]
Attribute "user" "float[17] brick_shader:place2dTexture1" [1 1 0 0 0
0 0 0 1 1 1 1 0 0 0 0 0]
EditEnd 
##streammarker102
EditBegin "attribute" "string scopename" [""]
Attribute "user" "float[17] brick_shader:place2dTexture1" [1 1 0 0 0
0 0 0 1 1 1 1 0 0 0 0 0]
EditEnd 
##streammarker103
EditBegin "attribute" "string scopename" [""]
Attribute "user" "float[17] brick_shader:place2dTexture1" [1 1 0 0 0
0 0 0 1 1 1 1 0 0 0 0 0]
EditEnd 
##streammarker104
EditBegin "attribute" "string scopename" [""]
Attribute "user" "float[17] brick_shader:place2dTexture1" [1 1 0 0 0
0 0 0 1 1 1 1 0 0 0 0 0]
EditEnd 
##streammarker105
EditBegin "attribute" "string scopename" [""]
Attribute "user" "float[17] brick_shader:place2dTexture1" [1 1 0 0 0
0 0 0 1 1 1 1 0 0 0 0 0]
EditEnd 
##streammarker106
EditBegin "attribute" "string scopename" [""]
Attribute "user" "float[17] brick_shader:place2dTexture1" [1 1 0 0 0
0 0 0 1 1 1 1 0 0 0 0 0]
EditEnd 
##streammarker107
EditBegin "attribute" "string scopename" [""]
Attribute "user" "float[17] brick_shader:place2dTexture1" [1 1 0 0 0
0 0 0 1 1 1 1 0 0 0 0 0]
EditEnd 
##streammarker108
EditBegin "attribute" "string scopename" [""]
Attribute "user" "float[17] brick_shader:place2dTexture1" [1 1 0 0 0
0 0 0 1 1 1 1 0 0 0 0 0]
EditEnd 
##streammarker109
EditBegin "attribute" "string scopename" [""]
Attribute "user" "float[17] brick_shader:place2dTexture1" [1 1 0 0 0
0 0 0 1 1 1 1 0 0 0 0 0]
EditEnd 
##streammarker110
EditBegin "attribute" "string scopename" [""]
Attribute "user" "float[17] brick_shader:place2dTexture1" [1 1 0 0 0
0 0 0 1 1 1 1 0 0 0 0 0]
EditEnd 
##streammarker111
EditBegin "attribute" "string scopename" [""]
Attribute "user" "float[17] brick_shader:place2dTexture1" [1 1 0 0 0
0 0 0 1 1 1 1 0 0 0 0 0]
EditEnd 
##streammarker112
EditBegin "attribute" "string scopename" [""]
Attribute "user" "float[17] brick_shader:place2dTexture1" [1 1 0 0 0
0 0 0 1 1 1 1 0 0 0 0 0]
EditEnd 
##streammarker113
EditBegin "attribute" "string scopename" [""]
Attribute "user" "float[17] brick_shader:place2dTexture1" [1 1 0 0 0
0 0 0 1 1 1 1 0 0 0 0 0]
EditEnd 
##streammarker114
EditBegin "attribute" "string scopename" [""]
Attribute "user" "float[17] brick_shader:place2dTexture1" [1 1 0 0 0
0 0 0 1 1 1 1 0 0 0 0 0]
EditEnd 
##streammarker115
EditBegin "attribute" "string scopename" [""]
Attribute "user" "float[17] brick_shader:place2dTexture1" [1 1 0 0 0
0 0 0 1 1 1 1 0 0 0 0 0]
EditEnd 
##streammarker116
EditBegin "attribute" "string scopename" [""]
Attribute "user" "float[17] brick_shader:place2dTexture1" [1 1 0 0 0
0 0 0 1 1 1 1 0 0 0 0 0]
EditEnd 
##streammarker117
EditBegin "attribute" "string scopename" [""]
Attribute "user" "float[17] brick_shader:place2dTexture1" [1 1 0 0 0
0 0 0 1 1 1 1 0 0 0 0 0]
EditEnd 
##streammarker118
EditBegin "attribute" "string scopename" [""]
Attribute "user" "float[17] brick_shader:place2dTexture1" [1 1 0 0 0
0 0 0 1 1 1 1 0 0 0 0 0]
EditEnd 
##streammarker119
EditBegin "attribute" "string scopename" [""]
Attribute "user" "float[17] brick_shader:place2dTexture1" [1 1 0 0 0
0 0 0 1 1 1 1 0 0 0 0 0]
EditEnd 
##streammarker120
EditBegin "attribute" "string scopename" [""]
Attribute "user" "float[17] brick_shader:place2dTexture1" [1 1 0 0 0
0 0 0 1 1 1 1 0 0 0 0 0]
EditEnd 
##streammarker121
EditBegin "attribute" "string scopename" [""]
Attribute "user" "float[17] brick_shader:place2dTexture1" [1 1 0 0 0
0 0 0 1 1 1 1 0 0 0 0 0]
EditEnd 
##streammarker122
EditBegin "attribute" "string scopename" [""]
Attribute "user" "float[17] brick_shader:place2dTexture1" [1 1 0 0 0
0 0 0 1 1 1 1 0 0 0 0 0]
EditEnd 
##streammarker123
EditBegin "attribute" "string scopename" [""]
Attribute "user" "float[17] brick_shader:place2dTexture1" [1 1 0 0 0
0 0 0 1 1 1 1 0 0 0 0 0]
EditEnd 
##streammarker124
EditBegin "attribute" "string scopename" [""]
Attribute "user" "float[17] brick_shader:place2dTexture1" [1 1 0 0 0
0 0 0 1 1 1 1 0 0 0 0 0]
EditEnd 
##streammarker125
EditBegin "attribute" "string scopename" [""]
Attribute "user" "float[17] brick_shader:place2dTexture1" [1 1 0 0 0
0 0 0 1 1 1 1 0 0 0 0 0]
EditEnd 
##streammarker126
EditBegin "attribute" "string scopename" [""]
Attribute "user" "float[17] brick_shader:place2dTexture1" [1 1 0 0 0
0 0 0 1 1 1 1 0 0 0 0 0]
EditEnd 
##streammarker127
EditBegin "attribute" "string scopename" [""]
Attribute "user" "float[17] brick_shader:place2dTexture1" [1 1 0 0 0
0 0 0 1 1 1 1 0 0 0 0 0]
EditEnd 
##streammarker128
EditBegin "attribute" "string scopename" [""]
Attribute "user" "float[17] brick_shader:place2dTexture1" [1 1 0 0 0
0 0 0 1 1 1 1 0 0 0 0 0]
EditEnd 
##streammarker129
EditBegin "attribute" "string scopename" [""]
Attribute "user" "float[17] brick_shader:place2dTexture1" [1 1 0 0 0
0 0 0 1 1 1 1 0 0 0 0 0]
EditEnd 
##streammarker130
EditBegin "attribute" "string scopename" [""]
Attribute "user" "float[17] brick_shader:place2dTexture1" [1 1 0 0 0
0 0 0 1 1 1 1 0 0 0 0 0]
EditEnd 
##streammarker131
EditBegin "attribute" "string scopename" [""]
Attribute "user" "float[17] brick_shader:place2dTexture1" [1 1 0 0 0
0 0 0 1 1 1 1 0 0 0 0 0]
EditEnd 
##streammarker132
EditBegin "attribute" "string scopename" [""]
Attribute "user" "float[17] brick_shader:place2dTexture1" [1 1 0 0 0
0 0 0 1 1 1 1 0 0 0 0 0]
EditEnd 
##streammarker133
EditBegin "attribute" "string scopename" [""]
Attribute "user" "float[17] brick_shader:place2dTexture1" [1 1 0 0 0
0 0 0 1 1 1 1 0 0 0 0 0]
EditEnd 
##streammarker134
EditBegin "attribute" "string scopename" [""]
Attribute "user" "float[17] brick_shader:place2dTexture1" [1 1 0 0 0
0 0 0 1 1 1 1 0 0 0 0 0]
EditEnd 
##streammarker135
EditBegin "attribute" "string scopename" [""]
Attribute "user" "float[17] brick_shader:place2dTexture1" [1 1 0 0 0
0 0 0 1 1 1 1 0 0 0 0 0]
EditEnd 
##streammarker136
EditBegin "attribute" "string scopename" [""]
Attribute "user" "float[17] brick_shader:place2dTexture1" [1 1 0 0 0
0 0 0 1 1 1 1 0 0 0 0 0]
EditEnd 
##streammarker137
EditBegin "attribute" "string scopename" [""]
Attribute "user" "float[17] brick_shader:place2dTexture1" [1 1 0 0 0
0 0 0 1 1 1 1 0 0 0 0 0]
EditEnd 
##streammarker138
EditBegin "attribute" "string scopename" [""]
Attribute "user" "float[17] brick_shader:place2dTexture1" [1 1 0 0 0
0 0 0 1 1 1 1 0 0 0 0 0]
EditEnd 
##streammarker139
EditBegin "attribute" "string scopename" [""]
Attribute "user" "float[17] brick_shader:place2dTexture1" [1 1 0 0 0
0 0 0 1 1 1 1 0 0 0 0 0]
EditEnd 
##streammarker140
EditBegin "attribute" "string scopename" [""]
Attribute "user" "float[17] brick_shader:place2dTexture1" [1 1 0 0 0
0 0 0 1 1 1 1 0 0 0 0 0]
EditEnd 
##streammarker141
EditBegin "attribute" "string scopename" [""]
