##RenderMan RIB
version 3.04
Option "rerender" "int[2] lodrange" [0 3]
##streammarker637
EditBegin "option" 
Identity 
#Camera perspShape
Clipping 0.1 10000
Projection "perspective" "fov" [54.4322]
ScreenWindow -1 1 -0.5625 0.5625
Shutter 0 0
ConcatTransform [ 0.681998 0.0807412 0.726883 -1.16835e-10  9.81411e-10 0.993887 -0.1104 8.30095e-16  0.731354 -0.0752924 -0.67783 -1.25279e-10  -0.0037072 -4.37858 84.4414 1 ]
Camera "world" "float[2] shutteropening" [0 1]
EditEnd 
##streammarker638
EditBegin "option" 
Identity 
#Camera perspShape
Clipping 0.1 10000
Projection "perspective" "fov" [54.4322]
ScreenWindow -1 1 -0.5625 0.5625
Shutter 0 0
ConcatTransform [ 0.702153 -0.0330649 0.711258 3.09644e-10  -3.87036e-10 0.998921 0.0464378 6.0249e-15  0.712026 0.0326064 -0.701395 3.13813e-10  -0.0246504 -4.2827 83.7602 1 ]
Camera "world" "float[2] shutteropening" [0 1]
EditEnd 
##streammarker639
EditBegin "option" 
Identity 
#Camera perspShape
Clipping 0.1 10000
Projection "perspective" "fov" [54.4322]
ScreenWindow -1 1 -0.5625 0.5625
Shutter 0 0
ConcatTransform [ 0.702153 -0.114596 0.702744 -2.18532e-10  -5.80958e-09 0.986964 0.160943 -1.48239e-14  0.712026 0.113007 -0.693 -2.21476e-10  -0.0246548 -4.14516 83.2742 1 ]
Camera "world" "float[2] shutteropening" [0 1]
EditEnd 
##streammarker640
EditBegin "option" 
Identity 
#Camera perspShape
Clipping 0.1 10000
Projection "perspective" "fov" [54.4322]
ScreenWindow -1 1 -0.5625 0.5625
Shutter 0 0
ConcatTransform [ 0.702153 -0.121948 0.701505 -7.183e-11  -3.90433e-10 0.985224 0.17127 -2.31303e-10  0.712026 0.120257 -0.691778 9.12693e-10  -0.0246508 -4.12989 83.2309 1 ]
Camera "world" "float[2] shutteropening" [0 1]
EditEnd 
##streammarker641
EditBegin "option" 
Identity 
#Camera perspShape
Clipping 0.1 10000
Projection "perspective" "fov" [54.4322]
ScreenWindow -1 1 -0.5625 0.5625
Shutter 0 0
ConcatTransform [ 0.702153 -0.23723 0.671344 -2.06454e-10  -8.09491e-09 0.942865 0.333176 -2.92389e-14  0.712026 0.23394 -0.662035 -2.09239e-10  -0.0246511 -3.82541 82.5629 1 ]
Camera "world" "float[2] shutteropening" [0 1]
EditEnd 
##streammarker642
EditBegin "option" 
Identity 
#Camera perspShape
Clipping 0.1 10000
Projection "perspective" "fov" [54.4322]
ScreenWindow -1 1 -0.5625 0.5625
Shutter 0 0
ConcatTransform [ 0.702153 -0.23723 0.671344 -8.17067e-11  -8.18571e-09 0.942865 0.333176 -8.53319e-15  0.712026 0.23394 -0.662035 -8.28211e-11  -0.0246451 -3.82541 111.938 1 ]
Camera "world" "float[2] shutteropening" [0 1]
EditEnd 
##streammarker643
EditBegin "option" 
Identity 
#Camera perspShape
Clipping 0.1 10000
Projection "perspective" "fov" [54.4322]
ScreenWindow -1 1 -0.5625 0.5625
Shutter 0 0
ConcatTransform [ 0.702153 -0.23723 0.671344 1.52783e-10  8.45095e-09 0.942865 0.333176 1.17942e-14  0.712026 0.23394 -0.662035 1.54884e-10  -0.0246465 -3.82541 151.499 1 ]
Camera "world" "float[2] shutteropening" [0 1]
EditEnd 
##streammarker644
EditBegin "option" 
Identity 
#Camera perspShape
Clipping 0.1 10000
Projection "perspective" "fov" [54.4322]
ScreenWindow -1 1 -0.5625 0.5625
Shutter 0 0
ConcatTransform [ 0.702153 -0.23723 0.671344 1.52783e-10  8.45095e-09 0.942865 0.333176 1.17942e-14  0.712026 0.23394 -0.662035 1.54884e-10  -0.0246465 -3.82541 151.499 1 ]
Camera "world" "float[2] shutteropening" [0 1]
EditEnd 
##streammarker645
EditBegin "option" 
Identity 
#Camera perspShape
Clipping 0.1 10000
Projection "perspective" "fov" [54.4322]
ScreenWindow -1 1 -0.5625 0.5625
Shutter 0 0
ConcatTransform [ 0.702153 -0.23723 0.671344 -8.17067e-11  -8.18571e-09 0.942865 0.333176 -8.53319e-15  0.712026 0.23394 -0.662035 -8.28211e-11  -0.0246451 -3.82541 111.938 1 ]
Camera "world" "float[2] shutteropening" [0 1]
EditEnd 
##streammarker646
EditBegin "option" 
Identity 
#Camera perspShape
Clipping 0.1 10000
Projection "perspective" "fov" [54.4322]
ScreenWindow -1 1 -0.5625 0.5625
Shutter 0 0
ConcatTransform [ 0.702153 -0.23723 0.671344 -2.06454e-10  -8.09491e-09 0.942865 0.333176 -2.92389e-14  0.712026 0.23394 -0.662035 -2.09239e-10  -0.0246511 -3.82541 82.5629 1 ]
Camera "world" "float[2] shutteropening" [0 1]
EditEnd 
##streammarker647
EditBegin "option" 
Identity 
#Camera perspShape
Clipping 0.1 10000
Projection "perspective" "fov" [54.4322]
ScreenWindow -1 1 -0.5625 0.5625
Shutter 0 0
ConcatTransform [ 0.702153 -0.23723 0.671344 -2.06454e-10  -8.09491e-09 0.942865 0.333176 -2.92389e-14  0.712026 0.23394 -0.662035 -2.09239e-10  -0.0246511 -3.82541 82.5629 1 ]
Camera "world" "float[2] shutteropening" [0 1]
EditEnd 
##streammarker648
EditBegin "option" 
Identity 
#Camera perspShape
Clipping 0.1 10000
Projection "perspective" "fov" [54.4322]
ScreenWindow -1 1 -0.5625 0.5625
Shutter 0 0
ConcatTransform [ 0.702153 -0.23723 0.671344 -1.50263e-09  1.23843e-08 0.942865 0.333176 -4.48581e-10  0.712026 0.23394 -0.662035 1.19432e-09  -0.0246517 -3.82541 60.7515 1 ]
Camera "world" "float[2] shutteropening" [0 1]
EditEnd 
##streammarker649
EditBegin "option" 
Identity 
#Camera perspShape
Clipping 0.1 10000
Projection "perspective" "fov" [54.4322]
ScreenWindow -1 1 -0.5625 0.5625
Shutter 0 0
ConcatTransform [ 0.702153 -0.23723 0.671344 -5.65764e-10  -4.25496e-09 0.942865 0.333176 -1.48451e-13  0.712026 0.23394 -0.662035 -5.73121e-10  -0.0246521 -3.82541 44.5562 1 ]
Camera "world" "float[2] shutteropening" [0 1]
EditEnd 
##streammarker650
EditBegin "option" 
Identity 
#Camera perspShape
Clipping 0.1 10000
Projection "perspective" "fov" [54.4322]
ScreenWindow -1 1 -0.5625 0.5625
Shutter 0 0
ConcatTransform [ 0.702153 -0.23723 0.671344 -5.65764e-10  -4.25496e-09 0.942865 0.333176 -1.48451e-13  0.712026 0.23394 -0.662035 -5.73121e-10  -0.0246521 -3.82541 44.5562 1 ]
Camera "world" "float[2] shutteropening" [0 1]
EditEnd 
##streammarker651
EditBegin "instance" 
Bxdf "PxrLightEmission" "visualizer" "string __instanceid" ["PxrStdEnvDayLightShape1_visualizer"]
IfBegin "!defined(user:shader_bindingstrength) || $user:shader_bindingstrength <= 0" 
Surface "renderman/main_scene/shaders/PxrStdEnvDayLightShape1_rfm" "string rman__Shape" ["envday"] "float rman__LightPrimaryVisibility" [1] "string coordSys" ["shader"] "float exposure" [0.5] "color sunTint" [1 1 1] "float sunSize" [1] "float method" [0] "vector directionVector" [0.1 1 0.1] "float month" [11] 
"float day" [20] "float year" [2014] "float hour" [14.6333] "float zone" [-8] "float latitude" [47.6019] "float longitude" [-122.332] "float haziness" [2] "color skyTint" [1 1 1] "color specAmount" [1 1 1] 
"color diffAmount" [1 1 1] "float fixedSampleCount" [-1] "float importance" [1] "float enableShadows" [1] "color shadowColor" [0 0 0] "float adaptiveShadows" [1] "float shadowMaxDist" [-1] "float shadowTraceBias" [-1] 
"string shadowSubset" [""] "string shadowExcludeSubset" [""] "string __group" ["environment"] "float intensity" [1] "__instanceid" ["renderman/main_scene/shaders/PxrStdEnvDayLightShape1_rfm_0"]
AreaLightSource "renderman/main_scene/shaders/PxrStdEnvDayLightShape1_rfm" "PxrStdEnvDayLightShape1" "string rman__Shape" ["envday"] "float rman__LightPrimaryVisibility" [1] "string coordSys" ["shader"] "float exposure" [0.5] "color sunTint" [1 1 1] "float sunSize" [1] "float method" [0] "vector directionVector" [0.1 1 0.1] "float month" [11] 
"float day" [20] "float year" [2014] "float hour" [14.6333] "float zone" [-8] "float latitude" [47.6019] "float longitude" [-122.332] "float haziness" [2] "color skyTint" [1 1 1] "color specAmount" [1 1 1] 
"color diffAmount" [1 1 1] "float fixedSampleCount" [-1] "float importance" [1] "float enableShadows" [1] "color shadowColor" [0 0 0] "float adaptiveShadows" [1] "float shadowMaxDist" [-1] "float shadowTraceBias" [-1] 
"string shadowSubset" [""] "string shadowExcludeSubset" [""] "string __group" ["environment"] "float intensity" [1] "__instanceid" ["renderman/main_scene/shaders/PxrStdEnvDayLightShape1_rfm_0"]
Attribute "user" "int shader_bindingstrength" [0]
IfEnd 
EditEnd 
##streammarker652
EditBegin "option" 
Identity 
#Camera perspShape
Clipping 0.1 10000
Projection "perspective" "fov" [54.4322]
ScreenWindow -1 1 -0.5625 0.5625
Shutter 0 0
ConcatTransform [ 0.702153 -0.23723 0.671344 -1.50263e-09  1.23843e-08 0.942865 0.333176 -4.48581e-10  0.712026 0.23394 -0.662035 1.19432e-09  -0.0246517 -3.82541 60.7515 1 ]
Camera "world" "float[2] shutteropening" [0 1]
EditEnd 
##streammarker653
EditBegin "option" 
Identity 
#Camera perspShape
Clipping 0.1 10000
Projection "perspective" "fov" [54.4322]
ScreenWindow -1 1 -0.5625 0.5625
Shutter 0 0
ConcatTransform [ 0.702153 -0.23723 0.671344 -2.06454e-10  -8.09491e-09 0.942865 0.333176 -2.92389e-14  0.712026 0.23394 -0.662035 -2.09239e-10  -0.0246511 -3.82541 82.5629 1 ]
Camera "world" "float[2] shutteropening" [0 1]
EditEnd 
##streammarker654
EditBegin "option" 
Identity 
#Camera perspShape
Clipping 0.1 10000
Projection "perspective" "fov" [54.4322]
ScreenWindow -1 1 -0.5625 0.5625
Shutter 0 0
ConcatTransform [ 0.702153 -0.23723 0.671344 -2.06454e-10  -8.09491e-09 0.942865 0.333176 -2.92389e-14  0.712026 0.23394 -0.662035 -2.09239e-10  -0.0246511 -3.82541 82.5629 1 ]
Camera "world" "float[2] shutteropening" [0 1]
EditEnd 
##streammarker655
EditBegin "option" 
Identity 
#Camera perspShape
Clipping 0.1 10000
Projection "perspective" "fov" [54.4322]
ScreenWindow -1 1 -0.5625 0.5625
Shutter 0 0
ConcatTransform [ 0.697165 -0.217507 0.683119 -5.42008e-12  -9.04223e-09 0.952865 0.303395 -5.53639e-16  0.716911 0.211517 -0.664304 -5.57109e-12  -0.0194178 -3.89091 82.684 1 ]
Camera "world" "float[2] shutteropening" [0 1]
EditEnd 
##streammarker656
EditBegin "option" 
Identity 
#Camera perspShape
Clipping 0.1 10000
Projection "perspective" "fov" [54.4322]
ScreenWindow -1 1 -0.5625 0.5625
Shutter 0 0
ConcatTransform [ 0.697165 0.0342504 0.716092 1.5619e-10  -1.50884e-09 0.998858 -0.0477751 -2.46877e-15  0.716911 -0.0333071 -0.696369 1.6054e-10  -0.0194157 -4.35308 84.1673 1 ]
Camera "world" "float[2] shutteropening" [0 1]
EditEnd 
##streammarker657
EditBegin "option" 
Identity 
#Camera perspShape
Clipping 0.1 10000
Projection "perspective" "fov" [54.4322]
ScreenWindow -1 1 -0.5625 0.5625
Shutter 0 0
ConcatTransform [ 0.697165 0.0716809 0.713318 -3.1894e-10  -2.16953e-09 0.994989 -0.0999858 1.05211e-14  0.716911 -0.0697066 -0.693672 -3.27823e-10  -0.019415 -4.37551 84.3958 1 ]
Camera "world" "float[2] shutteropening" [0 1]
EditEnd 
##streammarker658
EditBegin "option" 
Identity 
#Camera perspShape
Clipping 0.1 10000
Projection "perspective" "fov" [54.4322]
ScreenWindow -1 1 -0.5625 0.5625
Shutter 0 0
ConcatTransform [ 0.697165 0.131118 0.704818 5.49773e-11  4.64376e-09 0.983133 -0.182894 -3.30332e-15  0.716911 -0.127507 -0.685406 5.65089e-11  -0.01942 -4.38644 84.7631 1 ]
Camera "world" "float[2] shutteropening" [0 1]
EditEnd 
##streammarker659
EditBegin "option" 
Identity 
#Camera perspShape
Clipping 0.1 10000
Projection "perspective" "fov" [54.4322]
ScreenWindow -1 1 -0.5625 0.5625
Shutter 0 0
ConcatTransform [ 0.697165 0.14585 0.701918 -2.53938e-10  -1.44821e-09 0.979087 -0.203443 1.69523e-14  0.716911 -0.141833 -0.682585 -2.61013e-10  -0.0194157 -4.38437 84.8549 1 ]
Camera "world" "float[2] shutteropening" [0 1]
EditEnd 
##streammarker660
EditBegin "option" 
Identity 
#Camera perspShape
Clipping 0.1 10000
Projection "perspective" "fov" [54.4322]
ScreenWindow -1 1 -0.5625 0.5625
Shutter 0 0
ConcatTransform [ 0.697165 0.14585 0.701918 8.31249e-10  7.89022e-09 0.979087 -0.203443 -2.26112e-10  0.716911 -0.141833 -0.682585 -6.05934e-10  -0.019419 -4.38437 114.23 1 ]
Camera "world" "float[2] shutteropening" [0 1]
EditEnd 
##streammarker661
EditBegin "option" 
Identity 
#Camera perspShape
Clipping 0.1 10000
Projection "perspective" "fov" [54.4322]
ScreenWindow -1 1 -0.5625 0.5625
Shutter 0 0
ConcatTransform [ 0.697165 0.14585 0.701918 -1.83784e-11  1.064e-08 0.979087 -0.203443 6.76827e-16  0.716911 -0.141833 -0.682585 -1.88943e-11  -0.0194195 -4.38437 153.791 1 ]
Camera "world" "float[2] shutteropening" [0 1]
EditEnd 
##streammarker662
EditBegin "option" 
Identity 
#Camera perspShape
Clipping 0.1 10000
Projection "perspective" "fov" [54.4322]
ScreenWindow -1 1 -0.5625 0.5625
Shutter 0 0
ConcatTransform [ 0.697165 0.14585 0.701918 -6.70256e-11  7.23782e-09 0.979087 -0.203443 1.83385e-15  0.716911 -0.141833 -0.682585 -6.89113e-11  -0.0194231 -4.38437 207.071 1 ]
Camera "world" "float[2] shutteropening" [0 1]
EditEnd 
##streammarker663
EditBegin "option" 
Identity 
#Camera perspShape
Clipping 0.1 10000
Projection "perspective" "fov" [54.4322]
ScreenWindow -1 1 -0.5625 0.5625
Shutter 0 0
ConcatTransform [ 0.697165 0.14585 0.701918 -1.72125e-11  9.78005e-09 0.979087 -0.203443 3.49476e-16  0.716911 -0.141833 -0.682585 -1.76976e-11  -0.0194155 -4.38437 278.827 1 ]
Camera "world" "float[2] shutteropening" [0 1]
EditEnd 
##streammarker664
EditBegin "option" 
Identity 
#Camera perspShape
Clipping 0.1 10000
Projection "perspective" "fov" [54.4322]
ScreenWindow -1 1 -0.5625 0.5625
Shutter 0 0
ConcatTransform [ 0.697165 0.14585 0.701918 -1.72125e-11  9.78005e-09 0.979087 -0.203443 3.49476e-16  0.716911 -0.141833 -0.682585 -1.76976e-11  -0.0194155 -4.38437 278.827 1 ]
Camera "world" "float[2] shutteropening" [0 1]
EditEnd 
##streammarker665
EditBegin "option" 
Identity 
#Camera perspShape
Clipping 0.1 10000
Projection "perspective" "fov" [54.4322]
ScreenWindow -1 1 -0.5625 0.5625
Shutter 0 0
ConcatTransform [ 0.697165 0.14585 0.701918 -6.70256e-11  7.23782e-09 0.979087 -0.203443 1.83385e-15  0.716911 -0.141833 -0.682585 -6.89113e-11  -0.0194231 -4.38437 207.071 1 ]
Camera "world" "float[2] shutteropening" [0 1]
EditEnd 
##streammarker666
EditBegin "option" 
Identity 
#Camera perspShape
Clipping 0.1 10000
Projection "perspective" "fov" [54.4322]
ScreenWindow -1 1 -0.5625 0.5625
Shutter 0 0
ConcatTransform [ 0.697165 0.14585 0.701918 -1.83784e-11  1.064e-08 0.979087 -0.203443 6.76827e-16  0.716911 -0.141833 -0.682585 -1.88943e-11  -0.0194195 -4.38437 153.791 1 ]
Camera "world" "float[2] shutteropening" [0 1]
EditEnd 
##streammarker667
EditBegin "option" 
Identity 
#Camera perspShape
Clipping 0.1 10000
Projection "perspective" "fov" [54.4322]
ScreenWindow -1 1 -0.5625 0.5625
Shutter 0 0
ConcatTransform [ 0.697165 0.14585 0.701918 -1.83784e-11  1.064e-08 0.979087 -0.203443 6.76827e-16  0.716911 -0.141833 -0.682585 -1.88943e-11  -0.0194195 -4.38437 153.791 1 ]
Camera "world" "float[2] shutteropening" [0 1]
EditEnd 
##streammarker668
EditBegin "attribute" "string scopename" ["PxrStdEnvDayLightShape1"]
Identity 
Transform [ 0.999148 0 -0.0412763 0  0 1 0 0  0.0412763 0 0.999148 0  0 0 0 1 ]
EditEnd 
##streammarker669
EditBegin "instance" 
Bxdf "PxrLightEmission" "visualizer" "string __instanceid" ["PxrStdEnvDayLightShape1_visualizer"]
IfBegin "!defined(user:shader_bindingstrength) || $user:shader_bindingstrength <= 0" 
Surface "renderman/main_scene/shaders/PxrStdEnvDayLightShape1_rfm" "string rman__Shape" ["envday"] "float rman__LightPrimaryVisibility" [1] "string coordSys" ["shader"] "float exposure" [0.5] "color sunTint" [1 1 1] "float sunSize" [1] "float method" [0] "vector directionVector" [0.1 1 0.1] "float month" [11] 
"float day" [20] "float year" [2014] "float hour" [14.6333] "float zone" [-8] "float latitude" [47.6019] "float longitude" [-122.332] "float haziness" [2] "color skyTint" [1 1 1] "color specAmount" [1 1 1] 
"color diffAmount" [1 1 1] "float fixedSampleCount" [-1] "float importance" [1] "float enableShadows" [1] "color shadowColor" [0 0 0] "float adaptiveShadows" [1] "float shadowMaxDist" [-1] "float shadowTraceBias" [-1] 
"string shadowSubset" [""] "string shadowExcludeSubset" [""] "string __group" ["environment"] "float intensity" [1] "__instanceid" ["renderman/main_scene/shaders/PxrStdEnvDayLightShape1_rfm_0"]
AreaLightSource "renderman/main_scene/shaders/PxrStdEnvDayLightShape1_rfm" "PxrStdEnvDayLightShape1" "string rman__Shape" ["envday"] "float rman__LightPrimaryVisibility" [1] "string coordSys" ["shader"] "float exposure" [0.5] "color sunTint" [1 1 1] "float sunSize" [1] "float method" [0] "vector directionVector" [0.1 1 0.1] "float month" [11] 
"float day" [20] "float year" [2014] "float hour" [14.6333] "float zone" [-8] "float latitude" [47.6019] "float longitude" [-122.332] "float haziness" [2] "color skyTint" [1 1 1] "color specAmount" [1 1 1] 
"color diffAmount" [1 1 1] "float fixedSampleCount" [-1] "float importance" [1] "float enableShadows" [1] "color shadowColor" [0 0 0] "float adaptiveShadows" [1] "float shadowMaxDist" [-1] "float shadowTraceBias" [-1] 
"string shadowSubset" [""] "string shadowExcludeSubset" [""] "string __group" ["environment"] "float intensity" [1] "__instanceid" ["renderman/main_scene/shaders/PxrStdEnvDayLightShape1_rfm_0"]
Attribute "user" "int shader_bindingstrength" [0]
IfEnd 
EditEnd 
##streammarker670
EditBegin "attribute" "string scopename" ["PxrStdEnvDayLightShape1"]
Identity 
Transform [ 0.988555 0 -0.150858 0  0 1 0 0  0.150858 0 0.988555 0  0 0 0 1 ]
EditEnd 
##streammarker671
EditBegin "instance" 
Bxdf "PxrLightEmission" "visualizer" "string __instanceid" ["PxrStdEnvDayLightShape1_visualizer"]
IfBegin "!defined(user:shader_bindingstrength) || $user:shader_bindingstrength <= 0" 
Surface "renderman/main_scene/shaders/PxrStdEnvDayLightShape1_rfm" "string rman__Shape" ["envday"] "float rman__LightPrimaryVisibility" [1] "string coordSys" ["shader"] "float exposure" [0.5] "color sunTint" [1 1 1] "float sunSize" [1] "float method" [0] "vector directionVector" [0.1 1 0.1] "float month" [11] 
"float day" [20] "float year" [2014] "float hour" [14.6333] "float zone" [-8] "float latitude" [47.6019] "float longitude" [-122.332] "float haziness" [2] "color skyTint" [1 1 1] "color specAmount" [1 1 1] 
"color diffAmount" [1 1 1] "float fixedSampleCount" [-1] "float importance" [1] "float enableShadows" [1] "color shadowColor" [0 0 0] "float adaptiveShadows" [1] "float shadowMaxDist" [-1] "float shadowTraceBias" [-1] 
"string shadowSubset" [""] "string shadowExcludeSubset" [""] "string __group" ["environment"] "float intensity" [1] "__instanceid" ["renderman/main_scene/shaders/PxrStdEnvDayLightShape1_rfm_0"]
AreaLightSource "renderman/main_scene/shaders/PxrStdEnvDayLightShape1_rfm" "PxrStdEnvDayLightShape1" "string rman__Shape" ["envday"] "float rman__LightPrimaryVisibility" [1] "string coordSys" ["shader"] "float exposure" [0.5] "color sunTint" [1 1 1] "float sunSize" [1] "float method" [0] "vector directionVector" [0.1 1 0.1] "float month" [11] 
"float day" [20] "float year" [2014] "float hour" [14.6333] "float zone" [-8] "float latitude" [47.6019] "float longitude" [-122.332] "float haziness" [2] "color skyTint" [1 1 1] "color specAmount" [1 1 1] 
"color diffAmount" [1 1 1] "float fixedSampleCount" [-1] "float importance" [1] "float enableShadows" [1] "color shadowColor" [0 0 0] "float adaptiveShadows" [1] "float shadowMaxDist" [-1] "float shadowTraceBias" [-1] 
"string shadowSubset" [""] "string shadowExcludeSubset" [""] "string __group" ["environment"] "float intensity" [1] "__instanceid" ["renderman/main_scene/shaders/PxrStdEnvDayLightShape1_rfm_0"]
Attribute "user" "int shader_bindingstrength" [0]
IfEnd 
EditEnd 
##streammarker672
EditBegin "attribute" "string scopename" ["PxrStdEnvDayLightShape1"]
Identity 
Transform [ 0.984451 0 -0.175662 0  0 1 0 0  0.175662 0 0.984451 0  0 0 0 1 ]
EditEnd 
##streammarker673
EditBegin "instance" 
Bxdf "PxrLightEmission" "visualizer" "string __instanceid" ["PxrStdEnvDayLightShape1_visualizer"]
IfBegin "!defined(user:shader_bindingstrength) || $user:shader_bindingstrength <= 0" 
Surface "renderman/main_scene/shaders/PxrStdEnvDayLightShape1_rfm" "string rman__Shape" ["envday"] "float rman__LightPrimaryVisibility" [1] "string coordSys" ["shader"] "float exposure" [0.5] "color sunTint" [1 1 1] "float sunSize" [1] "float method" [0] "vector directionVector" [0.1 1 0.1] "float month" [11] 
"float day" [20] "float year" [2014] "float hour" [14.6333] "float zone" [-8] "float latitude" [47.6019] "float longitude" [-122.332] "float haziness" [2] "color skyTint" [1 1 1] "color specAmount" [1 1 1] 
"color diffAmount" [1 1 1] "float fixedSampleCount" [-1] "float importance" [1] "float enableShadows" [1] "color shadowColor" [0 0 0] "float adaptiveShadows" [1] "float shadowMaxDist" [-1] "float shadowTraceBias" [-1] 
"string shadowSubset" [""] "string shadowExcludeSubset" [""] "string __group" ["environment"] "float intensity" [1] "__instanceid" ["renderman/main_scene/shaders/PxrStdEnvDayLightShape1_rfm_0"]
AreaLightSource "renderman/main_scene/shaders/PxrStdEnvDayLightShape1_rfm" "PxrStdEnvDayLightShape1" "string rman__Shape" ["envday"] "float rman__LightPrimaryVisibility" [1] "string coordSys" ["shader"] "float exposure" [0.5] "color sunTint" [1 1 1] "float sunSize" [1] "float method" [0] "vector directionVector" [0.1 1 0.1] "float month" [11] 
"float day" [20] "float year" [2014] "float hour" [14.6333] "float zone" [-8] "float latitude" [47.6019] "float longitude" [-122.332] "float haziness" [2] "color skyTint" [1 1 1] "color specAmount" [1 1 1] 
"color diffAmount" [1 1 1] "float fixedSampleCount" [-1] "float importance" [1] "float enableShadows" [1] "color shadowColor" [0 0 0] "float adaptiveShadows" [1] "float shadowMaxDist" [-1] "float shadowTraceBias" [-1] 
"string shadowSubset" [""] "string shadowExcludeSubset" [""] "string __group" ["environment"] "float intensity" [1] "__instanceid" ["renderman/main_scene/shaders/PxrStdEnvDayLightShape1_rfm_0"]
Attribute "user" "int shader_bindingstrength" [0]
IfEnd 
EditEnd 
##streammarker674
EditBegin "attribute" "string scopename" ["PxrStdEnvDayLightShape1"]
Identity 
Transform [ 0.980642 0 -0.195807 0  0 1 0 0  0.195807 0 0.980642 0  0 0 0 1 ]
EditEnd 
##streammarker675
EditBegin "instance" 
Bxdf "PxrLightEmission" "visualizer" "string __instanceid" ["PxrStdEnvDayLightShape1_visualizer"]
IfBegin "!defined(user:shader_bindingstrength) || $user:shader_bindingstrength <= 0" 
Surface "renderman/main_scene/shaders/PxrStdEnvDayLightShape1_rfm" "string rman__Shape" ["envday"] "float rman__LightPrimaryVisibility" [1] "string coordSys" ["shader"] "float exposure" [0.5] "color sunTint" [1 1 1] "float sunSize" [1] "float method" [0] "vector directionVector" [0.1 1 0.1] "float month" [11] 
"float day" [20] "float year" [2014] "float hour" [14.6333] "float zone" [-8] "float latitude" [47.6019] "float longitude" [-122.332] "float haziness" [2] "color skyTint" [1 1 1] "color specAmount" [1 1 1] 
"color diffAmount" [1 1 1] "float fixedSampleCount" [-1] "float importance" [1] "float enableShadows" [1] "color shadowColor" [0 0 0] "float adaptiveShadows" [1] "float shadowMaxDist" [-1] "float shadowTraceBias" [-1] 
"string shadowSubset" [""] "string shadowExcludeSubset" [""] "string __group" ["environment"] "float intensity" [1] "__instanceid" ["renderman/main_scene/shaders/PxrStdEnvDayLightShape1_rfm_0"]
AreaLightSource "renderman/main_scene/shaders/PxrStdEnvDayLightShape1_rfm" "PxrStdEnvDayLightShape1" "string rman__Shape" ["envday"] "float rman__LightPrimaryVisibility" [1] "string coordSys" ["shader"] "float exposure" [0.5] "color sunTint" [1 1 1] "float sunSize" [1] "float method" [0] "vector directionVector" [0.1 1 0.1] "float month" [11] 
"float day" [20] "float year" [2014] "float hour" [14.6333] "float zone" [-8] "float latitude" [47.6019] "float longitude" [-122.332] "float haziness" [2] "color skyTint" [1 1 1] "color specAmount" [1 1 1] 
"color diffAmount" [1 1 1] "float fixedSampleCount" [-1] "float importance" [1] "float enableShadows" [1] "color shadowColor" [0 0 0] "float adaptiveShadows" [1] "float shadowMaxDist" [-1] "float shadowTraceBias" [-1] 
"string shadowSubset" [""] "string shadowExcludeSubset" [""] "string __group" ["environment"] "float intensity" [1] "__instanceid" ["renderman/main_scene/shaders/PxrStdEnvDayLightShape1_rfm_0"]
Attribute "user" "int shader_bindingstrength" [0]
IfEnd 
EditEnd 
##streammarker676
EditBegin "attribute" "string scopename" ["PxrStdEnvDayLightShape1"]
Identity 
Transform [ 0.979614 0 -0.200888 0  0 1 0 0  0.200888 0 0.979614 0  0 0 0 1 ]
EditEnd 
##streammarker677
EditBegin "instance" 
Bxdf "PxrLightEmission" "visualizer" "string __instanceid" ["PxrStdEnvDayLightShape1_visualizer"]
IfBegin "!defined(user:shader_bindingstrength) || $user:shader_bindingstrength <= 0" 
Surface "renderman/main_scene/shaders/PxrStdEnvDayLightShape1_rfm" "string rman__Shape" ["envday"] "float rman__LightPrimaryVisibility" [1] "string coordSys" ["shader"] "float exposure" [0.5] "color sunTint" [1 1 1] "float sunSize" [1] "float method" [0] "vector directionVector" [0.1 1 0.1] "float month" [11] 
"float day" [20] "float year" [2014] "float hour" [14.6333] "float zone" [-8] "float latitude" [47.6019] "float longitude" [-122.332] "float haziness" [2] "color skyTint" [1 1 1] "color specAmount" [1 1 1] 
"color diffAmount" [1 1 1] "float fixedSampleCount" [-1] "float importance" [1] "float enableShadows" [1] "color shadowColor" [0 0 0] "float adaptiveShadows" [1] "float shadowMaxDist" [-1] "float shadowTraceBias" [-1] 
"string shadowSubset" [""] "string shadowExcludeSubset" [""] "string __group" ["environment"] "float intensity" [1] "__instanceid" ["renderman/main_scene/shaders/PxrStdEnvDayLightShape1_rfm_0"]
AreaLightSource "renderman/main_scene/shaders/PxrStdEnvDayLightShape1_rfm" "PxrStdEnvDayLightShape1" "string rman__Shape" ["envday"] "float rman__LightPrimaryVisibility" [1] "string coordSys" ["shader"] "float exposure" [0.5] "color sunTint" [1 1 1] "float sunSize" [1] "float method" [0] "vector directionVector" [0.1 1 0.1] "float month" [11] 
"float day" [20] "float year" [2014] "float hour" [14.6333] "float zone" [-8] "float latitude" [47.6019] "float longitude" [-122.332] "float haziness" [2] "color skyTint" [1 1 1] "color specAmount" [1 1 1] 
"color diffAmount" [1 1 1] "float fixedSampleCount" [-1] "float importance" [1] "float enableShadows" [1] "color shadowColor" [0 0 0] "float adaptiveShadows" [1] "float shadowMaxDist" [-1] "float shadowTraceBias" [-1] 
"string shadowSubset" [""] "string shadowExcludeSubset" [""] "string __group" ["environment"] "float intensity" [1] "__instanceid" ["renderman/main_scene/shaders/PxrStdEnvDayLightShape1_rfm_0"]
Attribute "user" "int shader_bindingstrength" [0]
IfEnd 
EditEnd 
##streammarker678
EditBegin "attribute" "string scopename" ["PxrStdEnvDayLightShape1"]
Identity 
Transform [ 0.980619 0 -0.195926 0  0 1 0 0  0.195926 0 0.980619 0  0 0 0 1 ]
EditEnd 
##streammarker679
EditBegin "instance" 
Bxdf "PxrLightEmission" "visualizer" "string __instanceid" ["PxrStdEnvDayLightShape1_visualizer"]
IfBegin "!defined(user:shader_bindingstrength) || $user:shader_bindingstrength <= 0" 
Surface "renderman/main_scene/shaders/PxrStdEnvDayLightShape1_rfm" "string rman__Shape" ["envday"] "float rman__LightPrimaryVisibility" [1] "string coordSys" ["shader"] "float exposure" [0.5] "color sunTint" [1 1 1] "float sunSize" [1] "float method" [0] "vector directionVector" [0.1 1 0.1] "float month" [11] 
"float day" [20] "float year" [2014] "float hour" [14.6333] "float zone" [-8] "float latitude" [47.6019] "float longitude" [-122.332] "float haziness" [2] "color skyTint" [1 1 1] "color specAmount" [1 1 1] 
"color diffAmount" [1 1 1] "float fixedSampleCount" [-1] "float importance" [1] "float enableShadows" [1] "color shadowColor" [0 0 0] "float adaptiveShadows" [1] "float shadowMaxDist" [-1] "float shadowTraceBias" [-1] 
"string shadowSubset" [""] "string shadowExcludeSubset" [""] "string __group" ["environment"] "float intensity" [1] "__instanceid" ["renderman/main_scene/shaders/PxrStdEnvDayLightShape1_rfm_0"]
AreaLightSource "renderman/main_scene/shaders/PxrStdEnvDayLightShape1_rfm" "PxrStdEnvDayLightShape1" "string rman__Shape" ["envday"] "float rman__LightPrimaryVisibility" [1] "string coordSys" ["shader"] "float exposure" [0.5] "color sunTint" [1 1 1] "float sunSize" [1] "float method" [0] "vector directionVector" [0.1 1 0.1] "float month" [11] 
"float day" [20] "float year" [2014] "float hour" [14.6333] "float zone" [-8] "float latitude" [47.6019] "float longitude" [-122.332] "float haziness" [2] "color skyTint" [1 1 1] "color specAmount" [1 1 1] 
"color diffAmount" [1 1 1] "float fixedSampleCount" [-1] "float importance" [1] "float enableShadows" [1] "color shadowColor" [0 0 0] "float adaptiveShadows" [1] "float shadowMaxDist" [-1] "float shadowTraceBias" [-1] 
"string shadowSubset" [""] "string shadowExcludeSubset" [""] "string __group" ["environment"] "float intensity" [1] "__instanceid" ["renderman/main_scene/shaders/PxrStdEnvDayLightShape1_rfm_0"]
Attribute "user" "int shader_bindingstrength" [0]
IfEnd 
EditEnd 
##streammarker680
EditBegin "attribute" "string scopename" ["PxrStdEnvDayLightShape1"]
Identity 
Transform [ 0.99953 0 -0.0306597 0  0 1 0 0  0.0306597 0 0.99953 0  0 0 0 1 ]
EditEnd 
##streammarker681
EditBegin "instance" 
Bxdf "PxrLightEmission" "visualizer" "string __instanceid" ["PxrStdEnvDayLightShape1_visualizer"]
IfBegin "!defined(user:shader_bindingstrength) || $user:shader_bindingstrength <= 0" 
Surface "renderman/main_scene/shaders/PxrStdEnvDayLightShape1_rfm" "string rman__Shape" ["envday"] "float rman__LightPrimaryVisibility" [1] "string coordSys" ["shader"] "float exposure" [0.5] "color sunTint" [1 1 1] "float sunSize" [1] "float method" [0] "vector directionVector" [0.1 1 0.1] "float month" [11] 
"float day" [20] "float year" [2014] "float hour" [14.6333] "float zone" [-8] "float latitude" [47.6019] "float longitude" [-122.332] "float haziness" [2] "color skyTint" [1 1 1] "color specAmount" [1 1 1] 
"color diffAmount" [1 1 1] "float fixedSampleCount" [-1] "float importance" [1] "float enableShadows" [1] "color shadowColor" [0 0 0] "float adaptiveShadows" [1] "float shadowMaxDist" [-1] "float shadowTraceBias" [-1] 
"string shadowSubset" [""] "string shadowExcludeSubset" [""] "string __group" ["environment"] "float intensity" [1] "__instanceid" ["renderman/main_scene/shaders/PxrStdEnvDayLightShape1_rfm_0"]
AreaLightSource "renderman/main_scene/shaders/PxrStdEnvDayLightShape1_rfm" "PxrStdEnvDayLightShape1" "string rman__Shape" ["envday"] "float rman__LightPrimaryVisibility" [1] "string coordSys" ["shader"] "float exposure" [0.5] "color sunTint" [1 1 1] "float sunSize" [1] "float method" [0] "vector directionVector" [0.1 1 0.1] "float month" [11] 
"float day" [20] "float year" [2014] "float hour" [14.6333] "float zone" [-8] "float latitude" [47.6019] "float longitude" [-122.332] "float haziness" [2] "color skyTint" [1 1 1] "color specAmount" [1 1 1] 
"color diffAmount" [1 1 1] "float fixedSampleCount" [-1] "float importance" [1] "float enableShadows" [1] "color shadowColor" [0 0 0] "float adaptiveShadows" [1] "float shadowMaxDist" [-1] "float shadowTraceBias" [-1] 
"string shadowSubset" [""] "string shadowExcludeSubset" [""] "string __group" ["environment"] "float intensity" [1] "__instanceid" ["renderman/main_scene/shaders/PxrStdEnvDayLightShape1_rfm_0"]
Attribute "user" "int shader_bindingstrength" [0]
IfEnd 
EditEnd 
##streammarker682
EditBegin "attribute" "string scopename" ["PxrStdEnvDayLightShape1"]
Identity 
Transform [ 0.999824 0 0.0187621 0  0 1 0 0  -0.0187621 0 0.999824 0  0 0 0 1 ]
EditEnd 
##streammarker683
EditBegin "instance" 
Bxdf "PxrLightEmission" "visualizer" "string __instanceid" ["PxrStdEnvDayLightShape1_visualizer"]
IfBegin "!defined(user:shader_bindingstrength) || $user:shader_bindingstrength <= 0" 
Surface "renderman/main_scene/shaders/PxrStdEnvDayLightShape1_rfm" "string rman__Shape" ["envday"] "float rman__LightPrimaryVisibility" [1] "string coordSys" ["shader"] "float exposure" [0.5] "color sunTint" [1 1 1] "float sunSize" [1] "float method" [0] "vector directionVector" [0.1 1 0.1] "float month" [11] 
"float day" [20] "float year" [2014] "float hour" [14.6333] "float zone" [-8] "float latitude" [47.6019] "float longitude" [-122.332] "float haziness" [2] "color skyTint" [1 1 1] "color specAmount" [1 1 1] 
"color diffAmount" [1 1 1] "float fixedSampleCount" [-1] "float importance" [1] "float enableShadows" [1] "color shadowColor" [0 0 0] "float adaptiveShadows" [1] "float shadowMaxDist" [-1] "float shadowTraceBias" [-1] 
"string shadowSubset" [""] "string shadowExcludeSubset" [""] "string __group" ["environment"] "float intensity" [1] "__instanceid" ["renderman/main_scene/shaders/PxrStdEnvDayLightShape1_rfm_0"]
AreaLightSource "renderman/main_scene/shaders/PxrStdEnvDayLightShape1_rfm" "PxrStdEnvDayLightShape1" "string rman__Shape" ["envday"] "float rman__LightPrimaryVisibility" [1] "string coordSys" ["shader"] "float exposure" [0.5] "color sunTint" [1 1 1] "float sunSize" [1] "float method" [0] "vector directionVector" [0.1 1 0.1] "float month" [11] 
"float day" [20] "float year" [2014] "float hour" [14.6333] "float zone" [-8] "float latitude" [47.6019] "float longitude" [-122.332] "float haziness" [2] "color skyTint" [1 1 1] "color specAmount" [1 1 1] 
"color diffAmount" [1 1 1] "float fixedSampleCount" [-1] "float importance" [1] "float enableShadows" [1] "color shadowColor" [0 0 0] "float adaptiveShadows" [1] "float shadowMaxDist" [-1] "float shadowTraceBias" [-1] 
"string shadowSubset" [""] "string shadowExcludeSubset" [""] "string __group" ["environment"] "float intensity" [1] "__instanceid" ["renderman/main_scene/shaders/PxrStdEnvDayLightShape1_rfm_0"]
Attribute "user" "int shader_bindingstrength" [0]
IfEnd 
EditEnd 
##streammarker684
EditBegin "attribute" "string scopename" ["PxrStdEnvDayLightShape1"]
Identity 
Transform [ 0.998763 0 0.0497193 0  0 1 0 0  -0.0497193 0 0.998763 0  0 0 0 1 ]
EditEnd 
##streammarker685
EditBegin "instance" 
Bxdf "PxrLightEmission" "visualizer" "string __instanceid" ["PxrStdEnvDayLightShape1_visualizer"]
IfBegin "!defined(user:shader_bindingstrength) || $user:shader_bindingstrength <= 0" 
Surface "renderman/main_scene/shaders/PxrStdEnvDayLightShape1_rfm" "string rman__Shape" ["envday"] "float rman__LightPrimaryVisibility" [1] "string coordSys" ["shader"] "float exposure" [0.5] "color sunTint" [1 1 1] "float sunSize" [1] "float method" [0] "vector directionVector" [0.1 1 0.1] "float month" [11] 
"float day" [20] "float year" [2014] "float hour" [14.6333] "float zone" [-8] "float latitude" [47.6019] "float longitude" [-122.332] "float haziness" [2] "color skyTint" [1 1 1] "color specAmount" [1 1 1] 
"color diffAmount" [1 1 1] "float fixedSampleCount" [-1] "float importance" [1] "float enableShadows" [1] "color shadowColor" [0 0 0] "float adaptiveShadows" [1] "float shadowMaxDist" [-1] "float shadowTraceBias" [-1] 
"string shadowSubset" [""] "string shadowExcludeSubset" [""] "string __group" ["environment"] "float intensity" [1] "__instanceid" ["renderman/main_scene/shaders/PxrStdEnvDayLightShape1_rfm_0"]
AreaLightSource "renderman/main_scene/shaders/PxrStdEnvDayLightShape1_rfm" "PxrStdEnvDayLightShape1" "string rman__Shape" ["envday"] "float rman__LightPrimaryVisibility" [1] "string coordSys" ["shader"] "float exposure" [0.5] "color sunTint" [1 1 1] "float sunSize" [1] "float method" [0] "vector directionVector" [0.1 1 0.1] "float month" [11] 
"float day" [20] "float year" [2014] "float hour" [14.6333] "float zone" [-8] "float latitude" [47.6019] "float longitude" [-122.332] "float haziness" [2] "color skyTint" [1 1 1] "color specAmount" [1 1 1] 
"color diffAmount" [1 1 1] "float fixedSampleCount" [-1] "float importance" [1] "float enableShadows" [1] "color shadowColor" [0 0 0] "float adaptiveShadows" [1] "float shadowMaxDist" [-1] "float shadowTraceBias" [-1] 
"string shadowSubset" [""] "string shadowExcludeSubset" [""] "string __group" ["environment"] "float intensity" [1] "__instanceid" ["renderman/main_scene/shaders/PxrStdEnvDayLightShape1_rfm_0"]
Attribute "user" "int shader_bindingstrength" [0]
IfEnd 
EditEnd 
##streammarker686
EditBegin "attribute" "string scopename" ["PxrStdEnvDayLightShape1"]
Identity 
Transform [ 0.994772 0 0.102123 0  0 1 0 0  -0.102123 0 0.994772 0  0 0 0 1 ]
EditEnd 
##streammarker687
EditBegin "instance" 
Bxdf "PxrLightEmission" "visualizer" "string __instanceid" ["PxrStdEnvDayLightShape1_visualizer"]
IfBegin "!defined(user:shader_bindingstrength) || $user:shader_bindingstrength <= 0" 
Surface "renderman/main_scene/shaders/PxrStdEnvDayLightShape1_rfm" "string rman__Shape" ["envday"] "float rman__LightPrimaryVisibility" [1] "string coordSys" ["shader"] "float exposure" [0.5] "color sunTint" [1 1 1] "float sunSize" [1] "float method" [0] "vector directionVector" [0.1 1 0.1] "float month" [11] 
"float day" [20] "float year" [2014] "float hour" [14.6333] "float zone" [-8] "float latitude" [47.6019] "float longitude" [-122.332] "float haziness" [2] "color skyTint" [1 1 1] "color specAmount" [1 1 1] 
"color diffAmount" [1 1 1] "float fixedSampleCount" [-1] "float importance" [1] "float enableShadows" [1] "color shadowColor" [0 0 0] "float adaptiveShadows" [1] "float shadowMaxDist" [-1] "float shadowTraceBias" [-1] 
"string shadowSubset" [""] "string shadowExcludeSubset" [""] "string __group" ["environment"] "float intensity" [1] "__instanceid" ["renderman/main_scene/shaders/PxrStdEnvDayLightShape1_rfm_0"]
AreaLightSource "renderman/main_scene/shaders/PxrStdEnvDayLightShape1_rfm" "PxrStdEnvDayLightShape1" "string rman__Shape" ["envday"] "float rman__LightPrimaryVisibility" [1] "string coordSys" ["shader"] "float exposure" [0.5] "color sunTint" [1 1 1] "float sunSize" [1] "float method" [0] "vector directionVector" [0.1 1 0.1] "float month" [11] 
"float day" [20] "float year" [2014] "float hour" [14.6333] "float zone" [-8] "float latitude" [47.6019] "float longitude" [-122.332] "float haziness" [2] "color skyTint" [1 1 1] "color specAmount" [1 1 1] 
"color diffAmount" [1 1 1] "float fixedSampleCount" [-1] "float importance" [1] "float enableShadows" [1] "color shadowColor" [0 0 0] "float adaptiveShadows" [1] "float shadowMaxDist" [-1] "float shadowTraceBias" [-1] 
"string shadowSubset" [""] "string shadowExcludeSubset" [""] "string __group" ["environment"] "float intensity" [1] "__instanceid" ["renderman/main_scene/shaders/PxrStdEnvDayLightShape1_rfm_0"]
Attribute "user" "int shader_bindingstrength" [0]
IfEnd 
EditEnd 
##streammarker688
EditBegin "attribute" "string scopename" ["PxrStdEnvDayLightShape1"]
Identity 
Transform [ 0.993355 0 0.115088 0  0 1 0 0  -0.115088 0 0.993355 0  0 0 0 1 ]
EditEnd 
##streammarker689
EditBegin "instance" 
Bxdf "PxrLightEmission" "visualizer" "string __instanceid" ["PxrStdEnvDayLightShape1_visualizer"]
IfBegin "!defined(user:shader_bindingstrength) || $user:shader_bindingstrength <= 0" 
Surface "renderman/main_scene/shaders/PxrStdEnvDayLightShape1_rfm" "string rman__Shape" ["envday"] "float rman__LightPrimaryVisibility" [1] "string coordSys" ["shader"] "float exposure" [0.5] "color sunTint" [1 1 1] "float sunSize" [1] "float method" [0] "vector directionVector" [0.1 1 0.1] "float month" [11] 
"float day" [20] "float year" [2014] "float hour" [14.6333] "float zone" [-8] "float latitude" [47.6019] "float longitude" [-122.332] "float haziness" [2] "color skyTint" [1 1 1] "color specAmount" [1 1 1] 
"color diffAmount" [1 1 1] "float fixedSampleCount" [-1] "float importance" [1] "float enableShadows" [1] "color shadowColor" [0 0 0] "float adaptiveShadows" [1] "float shadowMaxDist" [-1] "float shadowTraceBias" [-1] 
"string shadowSubset" [""] "string shadowExcludeSubset" [""] "string __group" ["environment"] "float intensity" [1] "__instanceid" ["renderman/main_scene/shaders/PxrStdEnvDayLightShape1_rfm_0"]
AreaLightSource "renderman/main_scene/shaders/PxrStdEnvDayLightShape1_rfm" "PxrStdEnvDayLightShape1" "string rman__Shape" ["envday"] "float rman__LightPrimaryVisibility" [1] "string coordSys" ["shader"] "float exposure" [0.5] "color sunTint" [1 1 1] "float sunSize" [1] "float method" [0] "vector directionVector" [0.1 1 0.1] "float month" [11] 
